

Time Index	X1 in mm	W1 in mm	Y1 in %	X2 in °C	W2 in °C	Y2 in %	F1 in l/h	T1 in °C	T2 in °C	T3 in °C	Pos in %	
59:59.97	246.062500	250.000000	0.000000	32.917107	20.000000	0.000000	-12.800000	32.917107	32.555714	27.754526	0.525000	
00:00.22	246.187500	250.000000	0.000000	32.917107	20.000000	0.000000	-12.800000	32.917107	32.555714	27.754526	0.525000	
00:00.47	246.187500	250.000000	0.000000	32.865467	20.000000	0.000000	-12.800000	32.865467	32.555714	27.754526	0.525000	
00:00.72	246.062500	250.000000	0.000000	32.865467	20.000000	0.000000	-12.800000	32.865467	32.504101	27.754526	0.525000	
00:00.97	246.062500	250.000000	0.000000	32.865467	20.000000	0.000000	-12.800000	32.865467	32.504101	27.754526	0.525000	
00:01.22	246.062500	250.000000	0.000000	32.865467	20.000000	0.000000	-12.800000	32.865467	32.504101	27.754526	0.525000	
00:01.47	246.062500	250.000000	0.000000	32.865467	20.000000	0.000000	-12.800000	32.865467	32.504101	27.754526	0.525000	
00:01.72	246.312500	250.000000	0.290214	32.865467	20.000000	0.000000	-12.800000	32.865467	32.504101	27.754526	0.525000	
00:01.97	246.312500	250.000000	0.290214	32.865467	20.000000	0.000000	-12.800000	32.865467	32.504101	27.754526	0.525000	
00:02.22	246.187500	250.000000	0.000000	32.865467	20.000000	0.000000	-12.800000	32.865467	32.504101	27.754526	0.525000	
00:02.47	246.187500	250.000000	0.000000	32.865467	20.000000	0.000000	-12.800000	32.865467	32.504101	27.754526	0.525000	
00:02.72	246.375000	250.000000	0.198057	32.865467	20.000000	0.000000	-12.800000	32.865467	32.555714	27.754526	0.525000	
00:02.97	246.187500	250.000000	0.000000	32.865467	20.000000	0.000000	-12.800000	32.865467	32.555714	27.754526	0.525000	
00:03.22	246.187500	250.000000	0.000000	32.865467	20.000000	0.000000	-12.800000	32.865467	32.504101	27.754526	0.525000	
00:03.47	246.312500	250.000000	0.000000	32.865467	20.000000	0.000000	-12.800000	32.865467	32.504101	27.754526	0.525000	
00:04.47	246.312500	250.000000	0.000000	32.865467	20.000000	0.000000	-12.800000	32.865467	32.504101	27.702892	0.525000	
00:05.47	246.187500	250.000000	0.000000	32.865467	20.000000	0.000000	-12.800000	32.865467	32.504101	27.702892	0.525000	
00:06.47	246.187500	250.000000	0.000000	32.813854	20.000000	0.000000	-12.800000	32.813854	32.504101	27.702892	0.525000	
00:07.47	246.312500	250.000000	0.000000	32.813854	20.000000	0.000000	-12.800000	32.813854	32.504101	27.702892	0.525000	
00:08.47	246.062500	250.000000	0.000000	32.813854	20.000000	0.000000	-12.800000	32.813854	32.504101	27.702892	0.525000	
00:09.47	246.187500	250.000000	0.000000	32.813854	20.000000	0.000000	-12.800000	32.813854	32.504101	27.702892	0.525000	
00:10.47	246.312500	250.000000	0.074750	32.813854	20.000000	0.000000	-12.800000	32.813854	32.504101	27.702892	0.525000	
00:11.49	246.187500	250.000000	0.000000	32.813854	20.000000	0.000000	-12.800000	32.813854	32.504101	27.702892	0.525000	
00:12.47	246.187500	250.000000	0.000000	32.813854	20.000000	0.000000	-12.800000	32.813854	32.504101	27.702892	0.525000	
00:13.47	246.187500	250.000000	0.000000	32.813854	20.000000	0.000000	-12.800000	32.813854	32.504101	27.599640	0.525000	
00:14.47	246.187500	250.000000	0.000000	32.813854	20.000000	0.000000	-12.800000	32.813854	32.504101	27.599640	0.525000	
00:15.47	246.312500	250.000000	0.309958	32.813854	20.000000	0.000000	-12.800000	32.813854	32.452442	27.599640	0.525000	
00:16.47	246.000000	250.000000	0.000000	32.762196	20.000000	0.000000	-12.800000	32.762196	32.452442	27.599640	0.525000	
00:17.47	246.375000	250.000000	0.064785	32.813854	20.000000	0.000000	-12.800000	32.813854	32.504101	27.599640	0.520000	
00:18.47	246.187500	250.000000	0.000000	32.813854	20.000000	0.000000	-12.800000	32.813854	32.452442	27.599640	0.525000	
00:19.47	246.187500	250.000000	0.000000	32.762196	20.000000	0.000000	-12.800000	32.762196	32.452442	27.599640	0.525000	
00:20.47	246.312500	250.000000	0.000000	32.762196	20.000000	0.000000	-12.800000	32.762196	32.452442	27.599640	0.520000	
00:21.47	246.062500	250.000000	0.000000	32.762196	20.000000	0.000000	-12.800000	32.762196	32.452442	27.548004	0.525000	
00:22.47	246.187500	250.000000	0.019306	32.762196	20.000000	0.000000	-12.800000	32.762196	32.452442	27.548004	0.525000	
00:23.47	246.312500	250.000000	0.055720	32.762196	20.000000	0.000000	-12.800000	32.762196	32.452442	27.548004	0.525000	
00:24.47	246.000000	250.000000	0.000000	32.762196	20.000000	0.000000	-12.800000	32.762196	32.452442	27.548004	0.525000	
00:25.47	246.187500	250.000000	0.017301	32.762196	20.000000	0.000000	-12.800000	32.762196	32.452442	27.548004	0.525000	
00:26.47	246.062500	250.000000	0.000000	32.762196	20.000000	0.000000	-12.800000	32.762196	32.452442	27.548004	0.525000	
00:27.47	246.062500	250.000000	0.000000	32.762196	20.000000	0.000000	-12.800000	32.762196	32.452442	27.548004	0.525000	
00:28.47	246.187500	250.000000	0.000000	32.762196	20.000000	0.000000	-12.800000	32.762196	32.452442	27.548004	0.525000	
00:29.47	246.187500	250.000000	0.055179	32.710583	20.000000	0.000000	-12.800000	32.710583	32.452442	27.548004	0.525000	
00:30.47	246.312500	250.000000	0.107989	32.710583	20.000000	0.000000	-12.800000	32.710583	32.452442	27.548004	0.525000	
00:31.47	246.062500	250.000000	0.000000	32.710583	20.000000	0.000000	-12.800000	32.710583	32.452442	27.548004	0.525000	
00:32.47	246.000000	250.000000	0.000000	32.710583	20.000000	0.000000	-12.800000	32.710583	32.452442	27.548004	0.525000	
00:33.47	246.000000	250.000000	0.000000	32.710583	20.000000	0.000000	-12.800000	32.710583	32.452442	27.548004	0.525000	
00:34.47	246.000000	250.000000	0.000000	32.710583	20.000000	0.000000	-12.800000	32.710583	32.452442	27.548004	0.525000	
00:35.47	246.000000	250.000000	0.000000	32.710583	20.000000	0.000000	-12.800000	32.710583	32.452442	27.548004	0.525000	
00:36.47	246.000000	250.000000	0.000000	32.710583	20.000000	0.000000	-12.800000	32.710583	32.452442	27.548004	0.525000	
00:37.47	246.000000	250.000000	0.000000	32.710583	20.000000	0.000000	-12.800000	32.710583	32.452442	27.548004	0.525000	
00:38.47	246.000000	250.000000	0.000000	32.710583	20.000000	0.000000	-12.800000	32.710583	32.452442	27.548004	0.525000	
00:39.47	246.000000	250.000000	0.000000	32.710583	20.000000	0.000000	-12.800000	32.710583	32.400829	27.548004	0.525000	
00:40.47	246.000000	250.000000	0.000000	32.710583	20.000000	0.000000	-12.800000	32.710583	32.452442	27.548004	0.525000	
00:41.47	246.000000	250.000000	0.000000	32.710583	20.000000	0.000000	-12.800000	32.710583	32.452442	27.548004	0.525000	
00:42.47	246.000000	250.000000	0.000000	32.710583	20.000000	0.000000	-12.800000	32.710583	32.452442	27.548004	0.525000	
00:43.47	246.000000	250.000000	0.000000	32.710583	20.000000	0.000000	-12.800000	32.710583	32.452442	27.548004	0.525000	
00:44.47	246.000000	250.000000	0.000000	32.710583	20.000000	0.000000	-12.800000	32.710583	32.452442	27.548004	0.525000	
00:45.47	246.000000	250.000000	0.000000	32.710583	20.000000	0.000000	-12.800000	32.710583	32.452442	27.548004	0.525000	
00:46.47	246.000000	250.000000	0.000000	32.710583	20.000000	0.000000	-12.800000	32.710583	32.452442	27.548004	0.520000	
00:47.47	246.000000	250.000000	0.000000	32.658966	20.000000	0.000000	-12.800000	32.658966	32.400829	27.548004	0.525000	
00:48.47	246.000000	250.000000	0.000000	32.658966	20.000000	0.000000	-12.800000	32.658966	32.452442	27.548004	0.525000	
00:49.47	246.000000	250.000000	0.000000	32.658966	20.000000	0.000000	-12.800000	32.658966	32.400829	27.548004	0.525000	
00:50.47	246.000000	250.000000	0.000000	32.710583	20.000000	0.000000	-12.800000	32.710583	32.452442	27.548004	0.525000	
00:51.47	246.000000	250.000000	0.000000	32.710583	20.000000	0.000000	-12.800000	32.710583	32.452442	27.548004	0.525000	
00:52.47	246.000000	250.000000	0.000000	32.658966	20.000000	0.000000	-12.800000	32.658966	32.400829	27.548004	0.525000	
00:53.47	246.000000	250.000000	0.000000	32.710583	20.000000	0.000000	-12.800000	32.710583	32.452442	27.548004	0.525000	
00:54.47	246.000000	250.000000	0.000000	32.658966	20.000000	0.000000	-12.800000	32.658966	32.400829	27.548004	0.525000	
00:55.47	246.000000	250.000000	0.000000	32.710583	20.000000	0.000000	-12.800000	32.710583	32.452442	27.496389	0.525000	
00:56.47	246.000000	250.000000	0.000000	32.658966	20.000000	0.000000	-12.800000	32.658966	32.452442	27.496389	0.525000	
00:57.47	246.000000	250.000000	0.000000	32.658966	20.000000	0.000000	-12.800000	32.658966	32.400829	27.496389	0.525000	
00:58.47	246.000000	250.000000	0.000000	32.658966	20.000000	0.000000	-12.800000	32.658966	32.452442	27.496389	0.525000	
00:59.47	246.000000	250.000000	0.000000	32.658966	20.000000	0.000000	-12.800000	32.658966	32.400829	27.496389	0.525000	
01:00.47	246.000000	250.000000	0.000000	32.658966	20.000000	0.000000	-12.800000	32.658966	32.452442	27.496389	0.525000	
01:01.47	0.000000	0.000000	0.000000	32.658966	20.000000	0.000000	-12.800000	32.658966	32.400829	27.393139	0.525000	
01:02.47	0.000000	0.000000	0.000000	32.658966	20.000000	0.000000	-12.800000	32.658966	32.452442	27.393139	0.525000	
01:03.46	0.000000	0.000000	0.000000	32.658966	20.000000	0.000000	-12.800000	32.658966	32.400829	27.393139	0.525000	
01:04.47	246.375000	250.000000	0.000000	32.658966	20.000000	0.000000	-12.800000	32.658966	32.452442	27.393139	0.525000	
01:05.47	246.375000	250.000000	0.000000	32.658966	20.000000	0.000000	-12.800000	32.658966	32.452442	27.393139	0.525000	
01:06.47	246.375000	250.000000	0.000000	32.658966	20.000000	0.000000	-12.800000	32.658966	32.452442	27.393139	0.525000	
01:07.47	246.375000	250.000000	0.000000	32.658966	20.000000	0.000000	-12.800000	32.658966	32.452442	27.393139	0.525000	
01:08.47	246.500000	250.000000	0.037987	32.658966	20.000000	0.000000	-12.800000	32.658966	32.452442	27.393139	0.525000	
01:09.47	246.375000	250.000000	0.000000	32.658966	20.000000	0.000000	-12.800000	32.658966	32.400829	27.341522	0.525000	
01:10.47	246.500000	250.000000	0.000000	32.658966	20.000000	0.000000	-12.800000	32.658966	32.452442	27.341522	0.525000	
01:11.47	246.312500	250.000000	0.000000	32.658966	20.000000	0.000000	-12.800000	32.658966	32.400829	27.341522	0.525000	
01:12.47	246.187500	250.000000	0.000000	32.658966	20.000000	0.000000	-12.800000	32.658966	32.452442	27.341522	0.525000	
01:13.47	246.375000	250.000000	0.000000	32.658966	20.000000	0.000000	-12.800000	32.658966	32.452442	27.341522	0.525000	
01:14.47	246.312500	250.000000	0.000000	32.658966	20.000000	0.000000	-12.800000	32.658966	32.452442	27.341522	0.525000	
01:15.47	246.500000	250.000000	0.225292	32.658966	20.000000	0.000000	-12.800000	32.658966	32.400829	27.341522	0.525000	
01:16.47	246.312500	250.000000	0.000000	32.658966	20.000000	0.000000	-12.800000	32.658966	32.400829	27.341522	0.525000	
01:17.47	246.312500	250.000000	0.000000	32.658966	20.000000	0.000000	-12.800000	32.658966	32.452442	27.341522	0.525000	
01:18.47	246.625000	250.000000	0.492251	32.658966	20.000000	0.000000	-12.800000	32.658966	32.400829	27.341522	0.525000	
01:19.47	246.375000	250.000000	0.000000	32.658966	20.000000	0.000000	-12.800000	32.658966	32.452442	27.341522	0.525000	
01:20.47	246.312500	250.000000	0.000000	32.658966	20.000000	0.000000	-12.800000	32.658966	32.452442	27.341522	0.525000	
01:21.47	246.500000	250.000000	0.076353	32.658966	20.000000	0.000000	-12.800000	32.658966	32.400829	27.341522	0.525000	
01:22.47	246.312500	250.000000	0.000000	32.658966	20.000000	0.000000	-12.800000	32.658966	32.400829	27.341522	0.525000	
01:23.47	246.187500	250.000000	0.000000	32.658966	20.000000	0.000000	-12.800000	32.658966	32.452442	27.341522	0.525000	
01:24.46	246.312500	250.000000	0.029337	32.658966	20.000000	0.000000	-12.800000	32.658966	32.400829	27.341522	0.525000	
01:25.47	246.312500	250.000000	0.000000	32.658966	20.000000	0.000000	-12.800000	32.658966	32.400829	27.341522	0.525000	
01:26.46	246.312500	250.000000	0.000000	32.658966	20.000000	0.000000	-12.800000	32.658966	32.452442	27.341522	0.525000	
01:27.46	246.312500	250.000000	0.040387	32.658966	20.000000	0.000000	-12.800000	32.658966	32.400829	27.341522	0.525000	
01:28.46	246.312500	250.000000	0.000000	32.658966	20.000000	0.000000	-12.800000	32.658966	32.400829	27.341522	0.525000	
01:29.47	246.500000	250.000000	0.256688	32.658966	20.000000	0.000000	-12.800000	32.658966	32.400829	27.341522	0.525000	
01:30.46	246.187500	250.000000	0.000000	32.658966	20.000000	0.000000	-12.800000	32.658966	32.400829	27.341522	0.525000	
01:31.46	246.312500	250.000000	0.000000	32.658966	20.000000	0.000000	-12.800000	32.658966	32.400829	27.341522	0.525000	
01:32.46	246.187500	250.000000	0.000000	32.658966	20.000000	0.000000	-12.800000	32.658966	32.400829	27.341522	0.525000	
01:33.47	246.625000	250.000000	0.328658	32.658966	20.000000	0.000000	-12.800000	32.658966	32.452442	27.341522	0.525000	
01:34.47	246.687500	250.000000	0.000000	32.658966	20.000000	0.000000	-12.800000	32.658966	32.400829	27.289886	0.525000	
01:35.46	246.625000	250.000000	0.000000	32.658966	20.000000	0.000000	-12.800000	32.658966	32.452442	27.289886	0.525000	
01:36.46	246.500000	250.000000	0.000000	32.658966	20.000000	0.000000	-12.800000	32.658966	32.452442	27.289886	0.525000	
01:37.46	246.500000	250.000000	0.000000	32.658966	20.000000	0.000000	-12.800000	32.658966	32.452442	27.289886	0.525000	
01:38.46	246.625000	250.000000	0.135529	32.658966	20.000000	0.000000	-12.800000	32.658966	32.452442	27.289886	0.525000	
01:39.46	246.687500	250.000000	0.129192	32.658966	20.000000	0.000000	-12.800000	32.658966	32.452442	27.289886	0.525000	
01:40.46	246.375000	250.000000	0.000000	32.658966	20.000000	0.000000	-12.800000	32.658966	32.452442	27.289886	0.525000	
01:41.46	246.375000	250.000000	0.000000	32.658966	20.000000	0.000000	-12.800000	32.658966	32.452442	27.341522	0.525000	
01:42.46	246.500000	250.000000	0.000000	32.658966	20.000000	0.000000	-12.800000	32.658966	32.452442	27.341522	0.525000	
01:43.46	246.625000	250.000000	0.000000	32.658966	20.000000	0.000000	-12.800000	32.658966	32.452442	27.341522	0.525000	
01:44.46	246.312500	250.000000	0.000000	32.658966	20.000000	0.000000	-12.800000	32.658966	32.452442	27.341522	0.525000	
01:45.46	246.375000	250.000000	0.000000	32.658966	20.000000	0.000000	-12.800000	32.658966	32.400829	27.341522	0.525000	
01:46.46	246.375000	250.000000	0.000000	32.658966	20.000000	0.000000	-12.800000	32.658966	32.452442	27.341522	0.525000	
01:47.46	246.625000	250.000000	1.512907	32.658966	20.000000	0.000000	-1.400000	32.658966	32.452442	27.341522	0.525000	
01:48.46	246.312500	250.000000	0.446342	32.658966	20.000000	0.000000	-0.760000	32.658966	32.452442	27.341522	0.525000	
01:49.46	246.375000	250.000000	0.026801	32.658966	20.000000	0.000000	-0.760000	32.658966	32.400829	27.341522	0.525000	
01:50.46	246.187500	250.000000	0.000000	32.658966	20.000000	0.000000	-0.760000	32.658966	32.452442	27.341522	0.525000	
01:51.46	246.312500	250.000000	0.000000	32.658966	20.000000	0.000000	-0.760000	32.658966	32.452442	27.341522	0.525000	
01:52.46	246.187500	250.000000	0.000000	32.658966	20.000000	0.000000	-0.760000	32.658966	32.452442	27.341522	0.525000	
01:53.46	246.062500	250.000000	0.000000	32.658966	20.000000	0.000000	-0.760000	32.658966	32.452442	27.341522	0.525000	
01:54.46	246.312500	250.000000	0.021513	32.658966	20.000000	0.000000	-0.760000	32.658966	32.452442	27.341522	0.525000	
01:55.46	246.000000	250.000000	0.000000	32.658966	20.000000	0.000000	-0.760000	32.658966	32.452442	27.341522	0.525000	
01:56.46	246.000000	250.000000	0.000000	32.658966	20.000000	0.000000	70.320000	32.658966	32.452442	27.341522	0.525000	
01:57.46	246.000000	250.000000	7.908968	32.658966	20.000000	0.000000	117.639999	32.658966	32.452442	27.393139	0.525000	
01:58.46	245.687500	250.000000	16.658094	32.658966	20.000000	0.000000	211.880005	32.658966	32.452442	27.393139	0.525000	
01:59.46	245.250000	250.000000	17.652184	32.658966	20.000000	0.000000	226.959991	32.658966	32.452442	27.393139	0.525000	
02:00.46	244.625000	250.000000	13.358982	32.658966	20.000000	0.000000	204.240005	32.658966	32.452442	27.393139	0.525000	
02:01.46	245.562500	250.000000	14.296520	32.658966	20.000000	0.000000	204.240005	32.658966	32.452442	27.393139	0.525000	
02:02.46	246.312500	250.000000	15.153366	32.658966	20.000000	0.000000	204.240005	32.658966	32.452442	27.393139	0.525000	
02:03.46	246.687500	250.000000	13.364322	32.658966	20.000000	0.000000	188.400009	32.658966	32.452442	27.393139	0.525000	
02:04.46	247.875000	250.000000	15.639893	32.607353	20.000000	0.000000	188.360001	32.607353	32.452442	27.496389	0.525000	
02:05.46	248.500000	250.000000	16.586111	32.658966	20.000000	0.000000	188.400009	32.658966	32.452442	27.496389	0.525000	
02:06.46	249.187500	250.000000	17.791037	32.607353	20.000000	0.000000	188.360001	32.607353	32.452442	27.496389	0.525000	
02:07.46	250.562485	250.000000	20.632259	32.607353	20.000000	0.000000	188.400009	32.607353	32.452442	27.496389	0.525000	
02:08.46	250.937485	250.000000	21.467293	32.658966	20.000000	0.000000	188.400009	32.658966	32.452442	27.496389	0.525000	
02:09.46	251.687500	250.000000	23.138920	32.658966	20.000000	0.000000	188.400009	32.658966	32.452442	27.548004	0.520000	
02:10.46	252.500000	250.000000	25.036989	32.607353	20.000000	0.000000	188.400009	32.607353	32.452442	27.548004	0.525000	
02:11.46	253.562515	250.000000	27.807657	32.658966	20.000000	0.000000	188.400009	32.658966	32.452442	27.548004	0.525000	
02:12.46	254.187500	250.000000	29.592125	32.658966	20.000000	0.000000	188.400009	32.658966	32.452442	27.548004	0.525000	
02:13.46	254.312485	250.000000	30.443819	32.607353	20.000000	0.000000	188.400009	32.607353	32.452442	27.548004	0.520000	
02:14.46	254.812515	250.000000	32.466602	32.607353	20.000000	0.000000	188.400009	32.607353	32.400829	27.548004	0.525000	
02:15.46	255.000000	250.000000	33.553638	32.607353	20.000000	0.000000	188.400009	32.607353	32.452442	27.548004	0.525000	
02:16.46	255.562515	250.000000	35.428131	32.607353	20.000000	0.000000	188.440002	32.607353	32.452442	27.599640	0.525000	
02:17.46	255.562515	250.000000	36.208763	32.607353	20.000000	0.000000	188.440002	32.607353	32.452442	27.599640	0.525000	
02:18.46	255.750000	250.000000	37.825424	32.607353	20.000000	0.000000	188.440002	32.607353	32.452442	27.599640	0.525000	
02:19.46	255.937485	250.000000	39.055672	32.607353	20.000000	0.000000	188.440002	32.607353	32.452442	27.599640	0.525000	
02:20.46	256.187500	250.000000	40.437420	32.607353	20.000000	0.000000	188.440002	32.607353	32.452442	27.599640	0.525000	
02:21.46	255.625015	250.000000	40.173790	32.607353	20.000000	0.000000	188.440002	32.607353	32.452442	27.599640	0.525000	
02:22.46	255.874985	250.000000	41.927422	32.607353	20.000000	0.000000	188.479996	32.607353	32.452442	27.599640	0.525000	
02:23.46	255.437500	250.000000	41.923416	32.658966	20.000000	0.000000	188.479996	32.658966	32.452442	27.702892	0.525000	
02:24.46	255.250000	250.000000	42.345097	32.658966	20.000000	0.000000	188.479996	32.658966	32.452442	27.702892	0.525000	
02:25.46	254.937500	250.000000	42.854996	32.710583	20.000000	0.000000	188.519989	32.710583	32.452442	27.702892	0.525000	
02:26.46	254.625000	250.000000	42.924694	32.710583	20.000000	0.000000	188.519989	32.710583	32.452442	27.702892	0.525000	
02:27.46	254.312485	250.000000	42.975979	32.762196	20.000000	0.000000	188.519989	32.762196	32.452442	27.702892	0.525000	
02:28.46	253.874985	250.000000	42.709961	32.813854	20.000000	0.000000	188.519989	32.813854	32.452442	27.702892	0.525000	
02:29.46	253.562515	250.000000	42.910843	32.813854	20.000000	0.000000	188.519989	32.813854	32.400829	27.702892	0.525000	
02:30.46	253.125015	250.000000	42.551273	32.813854	20.000000	0.000000	188.560013	32.813854	32.452442	27.702892	0.525000	
02:31.46	253.062485	250.000000	42.865574	32.865467	20.000000	0.000000	188.560013	32.865467	32.452442	27.702892	0.525000	
02:32.46	252.437500	250.000000	42.271511	32.865467	20.000000	0.000000	188.560013	32.865467	32.452442	27.754526	0.525000	
02:33.46	252.187485	250.000000	42.122555	32.865467	20.000000	0.000000	188.560013	32.865467	32.452442	27.754526	0.525000	
02:34.46	252.187485	250.000000	42.442627	32.865467	20.000000	0.000000	188.560013	32.865467	32.452442	27.754526	0.525000	
02:35.46	251.687500	250.000000	41.738918	32.917107	20.000000	0.000000	188.600006	32.917107	32.452442	27.754526	0.520000	
02:36.46	251.374985	250.000000	41.457386	32.917107	20.000000	0.000000	188.600006	32.917107	32.452442	27.754526	0.525000	
02:37.46	251.062515	250.000000	41.034569	32.917107	20.000000	0.000000	188.600006	32.917107	32.452442	27.754526	0.525000	
02:38.46	250.937485	250.000000	40.926647	32.917107	20.000000	0.000000	188.600006	32.917107	32.452442	27.754526	0.525000	
02:39.46	251.062515	250.000000	41.330929	32.917107	20.000000	0.000000	188.600006	32.917107	32.452442	27.754526	0.525000	
02:40.46	250.750000	250.000000	40.893845	32.917107	20.000000	0.000000	188.600006	32.917107	32.452442	27.754526	0.525000	
02:41.46	250.312500	250.000000	40.112934	32.968719	20.000000	0.000000	188.639999	32.968719	32.452442	27.754526	0.525000	
02:42.46	250.312500	250.000000	40.153465	32.917107	20.000000	0.000000	188.639999	32.917107	32.452442	27.754526	0.525000	
02:43.46	250.437500	250.000000	40.472591	32.968719	20.000000	0.000000	188.639999	32.968719	32.452442	27.754526	0.525000	
02:44.46	250.124985	250.000000	39.905819	32.968719	20.000000	0.000000	188.639999	32.968719	32.452442	27.754526	0.525000	
02:45.46	250.124985	250.000000	39.923897	32.968719	20.000000	0.000000	188.639999	32.968719	32.452442	27.754526	0.525000	
02:46.46	249.937500	250.000000	39.562160	32.968719	20.000000	0.000000	188.680008	32.968719	32.452442	27.702892	0.525000	
02:47.46	250.000000	250.000000	39.678360	32.968719	20.000000	0.000000	188.680008	32.968719	32.452442	27.702892	0.525000	
02:48.46	250.000000	250.000000	39.661446	32.968719	20.000000	0.000000	188.680008	32.968719	32.452442	27.702892	0.525000	
02:49.46	249.750000	250.000000	39.161415	32.968719	20.000000	0.000000	188.680008	32.968719	32.504101	27.702892	0.525000	
02:50.46	249.937500	250.000000	39.490349	32.968719	20.000000	0.000000	188.680008	32.968719	32.452442	27.702892	0.525000	
02:51.46	249.812500	250.000000	39.218643	32.968719	20.000000	0.000000	188.680008	32.968719	32.452442	27.702892	0.525000	
02:52.46	249.812500	250.000000	39.190712	32.917107	20.000000	0.000000	188.680008	32.917107	32.504101	27.702892	0.525000	
02:53.46	249.500000	250.000000	38.515011	32.917107	20.000000	0.000000	188.720001	32.917107	32.452442	27.702892	0.525000	
02:54.46	249.500000	250.000000	38.442924	32.968719	20.000000	0.000000	188.720001	32.968719	32.504101	27.702892	0.520000	
02:55.46	249.750000	250.000000	38.879848	32.968719	20.000000	0.000000	188.720001	32.968719	32.504101	27.702892	0.525000	
02:56.46	249.625000	250.000000	38.554684	32.968719	20.000000	0.000000	188.720001	32.968719	32.452442	27.702892	0.525000	
02:57.46	249.500000	250.000000	38.240551	32.968719	20.000000	0.000000	188.720001	32.968719	32.452442	27.702892	0.525000	
02:58.46	249.625000	250.000000	38.427872	32.968719	20.000000	0.000000	188.720001	32.968719	32.504101	27.702892	0.525000	
02:59.46	249.500000	250.000000	38.124722	32.968719	20.000000	0.000000	188.759995	32.968719	32.504101	27.702892	0.525000	
03:00.46	249.750000	250.000000	38.526459	32.968719	20.000000	0.000000	188.759995	32.968719	32.504101	27.702892	0.525000	
03:01.46	249.437500	250.000000	37.857170	32.968719	20.000000	0.000000	188.759995	32.968719	32.504101	27.702892	0.525000	
03:02.46	249.750000	250.000000	38.407532	32.968719	20.000000	0.000000	188.759995	32.968719	32.504101	27.702892	0.525000	
03:03.46	249.937500	250.000000	38.731892	32.968719	20.000000	0.000000	188.799988	32.968719	32.504101	27.702892	0.520000	
03:04.46	249.750000	250.000000	38.335884	32.968719	20.000000	0.000000	188.799988	32.968719	32.504101	27.702892	0.525000	
03:05.46	249.625000	250.000000	38.039005	32.968719	20.000000	0.000000	188.799988	32.968719	32.504101	27.702892	0.525000	
03:06.46	249.625000	250.000000	37.983009	32.968719	20.000000	0.000000	188.799988	32.968719	32.504101	27.702892	0.525000	
03:07.46	249.750000	250.000000	38.169823	32.968719	20.000000	0.000000	188.799988	32.968719	32.504101	27.702892	0.525000	
03:08.46	249.937500	250.000000	38.513836	32.968719	20.000000	0.000000	188.799988	32.968719	32.504101	27.702892	0.525000	
03:09.46	249.937500	250.000000	38.496346	33.020332	20.000000	0.000000	188.799988	33.020332	32.504101	27.702892	0.525000	
03:10.46	249.750000	250.000000	38.070900	32.968719	20.000000	0.000000	188.799988	32.968719	32.504101	27.702892	0.525000	
03:11.46	249.812500	250.000000	38.159786	32.968719	20.000000	0.000000	188.799988	32.968719	32.504101	27.702892	0.525000	
03:12.46	249.500000	250.000000	37.516888	33.020332	20.000000	0.000000	188.840012	33.020332	32.504101	27.702892	0.525000	
03:13.46	249.750000	250.000000	37.959457	33.020332	20.000000	0.000000	188.840012	33.020332	32.504101	27.702892	0.525000	
03:14.46	249.625000	250.000000	37.626663	33.020332	20.000000	0.000000	188.840012	33.020332	32.504101	27.702892	0.525000	
03:15.46	249.750000	250.000000	37.836884	33.020332	20.000000	0.000000	188.840012	33.020332	32.504101	27.702892	0.525000	
03:16.46	249.750000	250.000000	37.808380	33.020332	20.000000	0.000000	188.840012	33.020332	32.504101	27.702892	0.525000	
03:17.46	249.937500	250.000000	38.120213	33.020332	20.000000	0.000000	188.840012	33.020332	32.504101	27.702892	0.520000	
03:18.46	249.812500	250.000000	37.861198	33.020332	20.000000	0.000000	188.840012	33.020332	32.504101	27.702892	0.525000	
03:19.46	249.812500	250.000000	37.828362	33.020332	20.000000	0.000000	188.840012	33.020332	32.504101	27.702892	0.525000	
03:20.46	249.812500	250.000000	37.797897	33.020332	20.000000	0.000000	188.880005	33.020332	32.504101	27.702892	0.525000	
03:21.46	250.000000	250.000000	38.140125	33.020332	20.000000	0.000000	188.840012	33.020332	32.504101	27.702892	0.525000	
03:22.46	249.937500	250.000000	38.010906	33.020332	20.000000	0.000000	188.880005	33.020332	32.504101	27.702892	0.525000	
03:23.46	250.000000	250.000000	38.131218	33.020332	20.000000	0.000000	188.880005	33.020332	32.504101	27.702892	0.525000	
03:24.46	249.937500	250.000000	38.024517	33.020332	20.000000	0.000000	188.880005	33.020332	32.504101	27.702892	0.525000	
03:25.46	250.124985	250.000000	38.390530	33.020332	20.000000	0.000000	188.880005	33.020332	32.504101	27.702892	0.525000	
03:26.46	250.250015	250.000000	38.645889	33.020332	20.000000	0.000000	188.880005	33.020332	32.504101	27.599640	0.525000	
03:27.46	250.124985	250.000000	38.423943	33.020332	20.000000	0.000000	188.880005	33.020332	32.504101	27.599640	0.525000	
03:28.46	250.124985	250.000000	38.442791	33.020332	20.000000	0.000000	188.880005	33.020332	32.504101	27.599640	0.525000	
03:29.46	250.124985	250.000000	38.460224	33.020332	20.000000	0.000000	188.880005	33.020332	32.504101	27.599640	0.525000	
03:30.46	250.000000	250.000000	38.228512	33.020332	20.000000	0.000000	188.880005	33.020332	32.504101	27.599640	0.525000	
03:31.46	250.000000	250.000000	38.246651	33.020332	20.000000	0.000000	188.880005	33.020332	32.504101	27.599640	0.525000	
03:32.46	250.250015	250.000000	38.759491	33.071972	20.000000	0.000000	188.919998	33.071972	32.504101	27.599640	0.525000	
03:33.46	250.250015	250.000000	42.850201	33.071972	20.000000	0.000000	296.359985	33.071972	32.504101	27.599640	0.525000	
03:34.46	250.937485	250.000000	57.261215	33.020332	20.000000	0.000000	449.880005	33.020332	32.504101	27.599640	0.525000	
03:35.46	251.500015	250.000000	68.601212	33.071972	20.000000	0.000000	492.879974	33.071972	32.504101	27.599640	0.525000	
03:36.46	249.625000	250.000000	67.093842	33.071972	20.000000	0.000000	520.919983	33.071972	32.504101	27.599640	0.520000	
03:37.46	247.875000	250.000000	65.542702	33.071972	20.000000	0.000000	520.919983	33.071972	32.504101	27.599640	0.525000	
03:38.46	246.062500	250.000000	61.557735	33.123608	20.000000	0.000000	520.919983	33.123608	32.555714	27.599640	0.525000	
03:39.46	245.125000	250.000000	58.699104	33.123608	20.000000	0.000000	520.919983	33.123608	32.504101	27.599640	0.525000	
03:40.46	245.250000	250.000000	58.223694	33.071972	20.000000	0.000000	520.919983	33.071972	32.504101	27.599640	0.525000	
03:41.46	245.125000	250.000000	57.283432	33.123608	20.000000	0.000000	520.919983	33.123608	32.555714	27.599640	0.525000	
03:42.46	245.687500	250.000000	57.354668	33.123608	20.000000	0.000000	520.919983	33.123608	32.504101	27.599640	0.520000	
03:43.46	246.062500	250.000000	57.473999	33.123608	20.000000	0.000000	520.960022	33.123608	32.555714	27.599640	0.525000	
03:44.46	246.625000	250.000000	58.044388	33.123608	20.000000	0.000000	520.960022	33.123608	32.504101	27.599640	0.520000	
03:45.46	247.000000	250.000000	58.063637	33.175240	20.000000	0.000000	520.960022	33.175240	32.555714	27.599640	0.520000	
03:46.46	247.125000	250.000000	57.888725	33.175240	20.000000	0.000000	520.960022	33.175240	32.555714	27.599640	0.520000	
03:47.46	247.312500	250.000000	57.852573	33.175240	20.000000	0.000000	520.960022	33.175240	32.555714	27.599640	0.520000	
03:48.46	247.625000	250.000000	58.111214	33.175240	20.000000	0.000000	520.960022	33.175240	32.504101	27.599640	0.520000	
03:49.46	248.187500	250.000000	58.754822	33.175240	20.000000	0.000000	521.000000	33.175240	32.504101	27.599640	0.520000	
03:50.46	248.500000	250.000000	59.139572	33.175240	20.000000	0.000000	521.000000	33.175240	32.504101	27.599640	0.520000	
03:51.46	248.187500	250.000000	58.284065	33.175240	20.000000	0.000000	521.000000	33.175240	32.555714	27.599640	0.520000	
03:52.46	248.812500	250.000000	59.194843	33.175240	20.000000	0.000000	521.000000	33.175240	32.555714	27.599640	0.525000	
03:53.46	248.875000	250.000000	59.150341	33.175240	20.000000	0.000000	521.039978	33.175240	32.555714	27.599640	0.525000	
03:54.46	248.812500	250.000000	58.871056	33.175240	20.000000	0.000000	521.039978	33.175240	32.555714	27.599640	0.525000	
03:55.46	248.875000	250.000000	58.824051	33.175240	20.000000	0.000000	521.039978	33.175240	32.555714	27.599640	0.525000	
03:56.46	249.000000	250.000000	58.845455	33.175240	20.000000	0.000000	521.080017	33.175240	32.555714	27.599640	0.520000	
03:57.46	249.000000	250.000000	58.692101	33.175240	20.000000	0.000000	521.080017	33.175240	32.555714	27.599640	0.525000	
03:58.46	249.312500	250.000000	59.194473	33.175240	20.000000	0.000000	521.119995	33.175240	32.555714	27.599640	0.525000	
03:59.46	249.312500	250.000000	59.081657	33.226860	20.000000	0.000000	521.119995	33.226860	32.555714	27.599640	0.525000	
04:00.46	249.500000	250.000000	59.324921	33.226860	20.000000	0.000000	521.160034	33.226860	32.555714	27.599640	0.525000	
04:01.46	249.437500	250.000000	59.118393	33.175240	20.000000	0.000000	521.160034	33.175240	32.555714	27.599640	0.525000	
04:02.46	249.625000	250.000000	59.411301	33.175240	20.000000	0.000000	521.160034	33.175240	32.555714	27.599640	0.525000	
04:03.46	249.625000	250.000000	59.326019	33.175240	20.000000	0.000000	521.200012	33.175240	32.555714	27.599640	0.525000	
04:04.46	249.750000	250.000000	59.505051	33.175240	20.000000	0.000000	521.200012	33.175240	32.555714	27.599640	0.520000	
04:05.46	249.750000	250.000000	59.457283	33.175240	20.000000	0.000000	521.200012	33.175240	32.555714	27.599640	0.520000	
04:06.46	249.812500	250.000000	59.547291	33.175240	20.000000	0.000000	521.239990	33.175240	32.555714	27.599640	0.520000	
04:07.46	249.812500	250.000000	59.505203	33.175240	20.000000	0.000000	521.239990	33.175240	32.555714	27.599640	0.520000	
04:08.46	249.812500	250.000000	59.487534	33.175240	20.000000	0.000000	521.279968	33.175240	32.555714	27.599640	0.520000	
04:09.46	250.000000	250.000000	59.834965	33.175240	20.000000	0.000000	521.279968	33.175240	32.555714	27.599640	0.525000	
04:10.46	249.812500	250.000000	59.453777	33.175240	20.000000	0.000000	521.320007	33.175240	32.555714	27.599640	0.520000	
04:11.46	249.750000	250.000000	59.302399	33.226860	20.000000	0.000000	521.320007	33.226860	32.555714	27.599640	0.520000	
04:12.46	249.625000	250.000000	58.994728	33.175240	20.000000	0.000000	521.320007	33.175240	32.607353	27.599640	0.520000	
04:13.46	249.812500	250.000000	59.322510	33.175240	20.000000	0.000000	521.360046	33.175240	32.555714	27.599640	0.520000	
04:14.46	250.000000	250.000000	59.669342	33.175240	20.000000	0.000000	521.360046	33.175240	32.555714	27.599640	0.525000	
04:15.46	250.124985	250.000000	59.919281	33.175240	20.000000	0.000000	521.400024	33.175240	32.555714	27.702892	0.520000	
04:16.46	249.937500	250.000000	59.555138	33.175240	20.000000	0.000000	521.400024	33.175240	32.555714	27.702892	0.525000	
04:17.46	250.000000	250.000000	59.671196	33.175240	20.000000	0.000000	521.400024	33.175240	32.555714	27.702892	0.525000	
04:18.46	249.812500	250.000000	59.295452	33.175240	20.000000	0.000000	521.440002	33.175240	32.555714	27.702892	0.525000	
04:19.46	249.937500	250.000000	59.517570	33.175240	20.000000	0.000000	521.440002	33.175240	32.555714	27.702892	0.525000	
04:20.46	250.000000	250.000000	59.619507	33.175240	20.000000	0.000000	521.479980	33.175240	32.555714	27.702892	0.525000	
04:21.45	250.124985	250.000000	59.872383	33.175240	20.000000	0.000000	521.479980	33.175240	32.555714	27.702892	0.525000	
04:22.46	250.250015	250.000000	60.140701	33.175240	20.000000	0.000000	521.479980	33.175240	32.555714	27.702892	0.525000	
04:23.46	250.124985	250.000000	59.925087	33.175240	20.000000	0.000000	521.520020	33.175240	32.555714	27.702892	0.525000	
04:24.45	250.250015	250.000000	60.193195	33.175240	20.000000	0.000000	521.520020	33.175240	32.607353	27.702892	0.525000	
04:25.45	250.000000	250.000000	59.739517	33.175240	20.000000	0.000000	521.559998	33.175240	32.555714	27.702892	0.525000	
04:26.46	249.937500	250.000000	59.614548	33.175240	20.000000	0.000000	521.559998	33.175240	32.607353	27.702892	0.525000	
04:27.46	249.937500	250.000000	59.591724	33.175240	20.000000	0.000000	521.559998	33.175240	32.555714	27.702892	0.520000	
04:28.46	250.000000	250.000000	59.714863	33.175240	20.000000	0.000000	521.599976	33.175240	32.607353	27.702892	0.525000	
04:29.45	250.000000	250.000000	59.723839	33.175240	20.000000	0.000000	521.599976	33.175240	32.555714	27.754526	0.520000	
04:30.46	250.000000	250.000000	59.709152	33.175240	20.000000	0.000000	521.599976	33.175240	32.607353	27.754526	0.520000	
04:31.45	250.000000	250.000000	59.704952	33.175240	20.000000	0.000000	521.599976	33.175240	32.607353	27.754526	0.520000	
04:32.46	249.812500	250.000000	59.329433	33.175240	20.000000	0.000000	521.640015	33.175240	32.607353	27.754526	0.525000	
04:33.46	249.750000	250.000000	59.185913	33.175240	20.000000	0.000000	521.640015	33.175240	32.607353	27.754526	0.525000	
04:34.45	249.750000	250.000000	59.153919	33.175240	20.000000	0.000000	521.640015	33.175240	32.607353	27.754526	0.520000	
04:35.45	249.937500	250.000000	59.467854	33.175240	20.000000	0.000000	521.679993	33.175240	32.607353	27.754526	0.525000	
04:36.46	250.124985	250.000000	59.833942	33.175240	20.000000	0.000000	521.679993	33.175240	32.607353	27.754526	0.520000	
04:37.45	250.000000	250.000000	59.587227	33.175240	20.000000	0.000000	521.679993	33.175240	32.607353	27.754526	0.525000	
04:38.45	249.750000	250.000000	59.087196	33.175240	20.000000	0.000000	521.679993	33.175240	32.607353	27.754526	0.525000	
04:39.45	250.000000	250.000000	59.575455	33.175240	20.000000	0.000000	521.720032	33.175240	32.607353	27.754526	0.525000	
04:40.45	250.124985	250.000000	59.820717	33.175240	20.000000	0.000000	521.720032	33.175240	32.607353	27.754526	0.525000	
04:41.45	250.124985	250.000000	59.825974	33.175240	20.000000	0.000000	521.760010	33.175240	32.607353	27.754526	0.525000	
04:42.45	250.000000	250.000000	59.612118	33.175240	20.000000	0.000000	521.760010	33.175240	32.607353	27.754526	0.525000	
04:43.45	249.750000	250.000000	59.107162	33.175240	20.000000	0.000000	521.760010	33.175240	32.607353	27.754526	0.525000	
04:44.45	249.937500	250.000000	59.456093	33.175240	20.000000	0.000000	521.799988	33.175240	32.607353	27.754526	0.525000	
04:45.45	249.937500	250.000000	59.451035	33.175240	20.000000	0.000000	521.799988	33.175240	32.607353	27.806143	0.520000	
04:46.45	250.124985	250.000000	59.840599	33.175240	20.000000	0.000000	521.799988	33.175240	32.607353	27.806143	0.525000	
04:47.45	250.000000	250.000000	59.618080	33.175240	20.000000	0.000000	521.799988	33.175240	32.607353	27.806143	0.525000	
04:48.45	249.937500	250.000000	49.580044	33.175240	20.000000	0.000000	319.080017	33.175240	32.607353	27.806143	0.525000	
04:49.45	248.687500	250.000000	33.608799	33.175240	20.000000	0.000000	260.160004	33.175240	32.607353	27.806143	0.525000	
04:50.46	249.187500	250.000000	30.482969	33.175240	20.000000	0.000000	220.480011	33.175240	32.607353	27.806143	0.525000	
04:51.45	249.812500	250.000000	28.844976	33.175240	20.000000	0.000000	205.480011	33.175240	32.607353	27.806143	0.525000	
04:52.45	250.250015	250.000000	30.078255	33.175240	20.000000	0.000000	205.520004	33.175240	32.607353	27.806143	0.525000	
04:53.45	250.937485	250.000000	31.550879	33.175240	20.000000	0.000000	205.520004	33.175240	32.658966	27.806143	0.525000	
04:54.45	251.187500	250.000000	32.186848	33.175240	20.000000	0.000000	205.520004	33.175240	32.607353	27.806143	0.525000	
04:55.45	251.500015	250.000000	33.006721	33.175240	20.000000	0.000000	205.520004	33.175240	32.607353	27.806143	0.525000	
04:56.45	252.000000	250.000000	34.375015	33.175240	20.000000	0.000000	205.559998	33.175240	32.607353	27.806143	0.525000	
04:57.45	252.312515	250.000000	35.298523	33.175240	20.000000	0.000000	205.559998	33.175240	32.658966	27.806143	0.525000	
04:58.45	252.437500	250.000000	35.870861	33.175240	20.000000	0.000000	205.559998	33.175240	32.658966	27.806143	0.525000	
04:59.45	252.500000	250.000000	36.380554	33.175240	20.000000	0.000000	205.559998	33.175240	32.658966	27.806143	0.525000	
05:00.45	252.812500	250.000000	37.556244	33.175240	20.000000	0.000000	205.559998	33.175240	32.658966	27.806143	0.525000	
05:01.45	253.062485	250.000000	38.486130	33.175240	20.000000	0.000000	205.559998	33.175240	32.658966	27.806143	0.525000	
05:02.45	252.937500	250.000000	38.678059	33.175240	20.000000	0.000000	205.559998	33.175240	32.658966	27.806143	0.525000	
05:03.45	253.250000	250.000000	39.941460	33.175240	20.000000	0.000000	205.599991	33.175240	32.658966	27.806143	0.525000	
05:04.45	253.062485	250.000000	40.038467	33.175240	20.000000	0.000000	205.599991	33.175240	32.658966	27.806143	0.525000	
05:05.45	253.062485	250.000000	40.481434	33.175240	20.000000	0.000000	205.599991	33.175240	32.658966	27.806143	0.525000	
05:06.45	252.937500	250.000000	40.716892	33.175240	20.000000	0.000000	205.599991	33.175240	32.607353	27.806143	0.525000	
05:07.46	252.937500	250.000000	41.336853	33.123608	20.000000	0.000000	205.599991	33.123608	32.658966	27.806143	0.525000	
05:08.45	252.750015	250.000000	41.396423	33.175240	20.000000	0.000000	205.599991	33.175240	32.607353	27.806143	0.525000	
05:09.45	252.624985	250.000000	41.513241	33.175240	20.000000	0.000000	205.599991	33.175240	32.607353	27.806143	0.525000	
05:10.45	252.500000	250.000000	41.833214	33.175240	20.000000	0.000000	205.599991	33.175240	32.658966	27.806143	0.525000	
05:11.45	252.187485	250.000000	41.549931	33.175240	20.000000	0.000000	205.599991	33.175240	32.607353	27.806143	0.525000	
05:12.45	252.000000	250.000000	41.499081	33.175240	20.000000	0.000000	205.559998	33.175240	32.658966	27.806143	0.525000	
05:13.45	251.812485	250.000000	41.392838	33.123608	20.000000	0.000000	205.559998	33.123608	32.658966	27.806143	0.525000	
05:14.45	251.687500	250.000000	41.527599	33.123608	20.000000	0.000000	205.559998	33.123608	32.658966	27.806143	0.525000	
05:15.45	251.500015	250.000000	41.388535	33.123608	20.000000	0.000000	205.559998	33.123608	32.658966	27.806143	0.525000	
05:16.45	251.500015	250.000000	41.605038	33.123608	20.000000	0.000000	205.559998	33.123608	32.658966	27.806143	0.525000	
05:17.45	251.187500	250.000000	41.300041	33.175240	20.000000	0.000000	205.559998	33.175240	32.658966	27.806143	0.525000	
05:18.45	250.937485	250.000000	40.972000	33.123608	20.000000	0.000000	205.559998	33.123608	32.658966	27.806143	0.525000	
05:19.45	250.875000	250.000000	40.981094	33.175240	20.000000	0.000000	205.559998	33.175240	32.658966	27.806143	0.525000	
05:20.45	250.750000	250.000000	40.870232	33.123608	20.000000	0.000000	205.559998	33.123608	32.658966	27.806143	0.525000	
05:21.45	250.250015	250.000000	40.010086	33.175240	20.000000	0.000000	205.559998	33.175240	32.658966	27.754526	0.525000	
05:22.45	250.124985	250.000000	39.798309	33.175240	20.000000	0.000000	205.520004	33.175240	32.658966	27.754526	0.525000	
05:23.45	250.124985	250.000000	39.826328	33.175240	20.000000	0.000000	205.520004	33.175240	32.658966	27.754526	0.525000	
05:24.45	250.250015	250.000000	40.125210	33.175240	20.000000	0.000000	205.520004	33.175240	32.658966	27.754526	0.525000	
05:25.45	250.250015	250.000000	40.168575	33.175240	20.000000	0.000000	205.520004	33.175240	32.658966	27.754526	0.525000	
05:26.45	250.124985	250.000000	39.935482	33.123608	20.000000	0.000000	205.520004	33.123608	32.658966	27.754526	0.525000	
05:27.45	249.937500	250.000000	39.571281	33.123608	20.000000	0.000000	205.520004	33.123608	32.658966	27.754526	0.525000	
05:28.45	249.937500	250.000000	39.572384	33.175240	20.000000	0.000000	205.520004	33.175240	32.658966	27.754526	0.525000	
05:29.45	249.937500	250.000000	39.567696	33.175240	20.000000	0.000000	205.520004	33.175240	32.658966	27.754526	0.525000	
05:30.45	249.937500	250.000000	39.559364	33.175240	20.000000	0.000000	205.480011	33.175240	32.658966	27.754526	0.525000	
05:31.45	249.750000	250.000000	39.160503	33.123608	20.000000	0.000000	205.480011	33.123608	32.658966	27.754526	0.525000	
05:32.45	249.812500	250.000000	39.241425	33.175240	20.000000	0.000000	205.480011	33.175240	32.658966	27.754526	0.525000	
05:33.45	249.750000	250.000000	39.083118	33.123608	20.000000	0.000000	205.440002	33.123608	32.658966	27.754526	0.525000	
05:34.45	250.000000	250.000000	39.561684	33.175240	20.000000	0.000000	205.440002	33.175240	32.658966	27.754526	0.525000	
05:35.45	249.750000	250.000000	39.031796	33.175240	20.000000	0.000000	205.440002	33.175240	32.607353	27.754526	0.525000	
05:36.45	249.937500	250.000000	39.372551	33.175240	20.000000	0.000000	205.440002	33.175240	32.658966	27.754526	0.525000	
05:37.45	249.812500	250.000000	39.104023	33.175240	20.000000	0.000000	205.440002	33.175240	32.658966	27.754526	0.525000	
05:38.45	249.750000	250.000000	38.925465	33.175240	20.000000	0.000000	205.440002	33.175240	32.658966	27.754526	0.525000	
05:39.45	249.750000	250.000000	38.889755	33.175240	20.000000	0.000000	205.440002	33.175240	32.658966	27.754526	0.525000	
05:40.45	249.812500	250.000000	38.982712	33.175240	20.000000	0.000000	205.440002	33.175240	32.658966	27.754526	0.525000	
05:41.45	249.812500	250.000000	38.939678	33.175240	20.000000	0.000000	205.400009	33.175240	32.658966	27.754526	0.525000	
05:42.45	249.625000	250.000000	38.520714	33.175240	20.000000	0.000000	205.400009	33.175240	32.658966	27.754526	0.525000	
05:43.45	249.500000	250.000000	38.224663	33.175240	20.000000	0.000000	205.400009	33.175240	32.658966	27.754526	0.525000	
05:44.45	249.812500	250.000000	38.801003	33.175240	20.000000	0.000000	205.400009	33.175240	32.658966	27.754526	0.525000	
05:45.45	249.812500	250.000000	38.755959	33.175240	20.000000	0.000000	205.400009	33.175240	32.658966	27.754526	0.525000	
05:46.45	250.000000	250.000000	39.097485	33.175240	20.000000	0.000000	205.400009	33.175240	32.658966	27.754526	0.525000	
05:47.45	249.937500	250.000000	38.968266	33.175240	20.000000	0.000000	205.400009	33.175240	32.658966	27.754526	0.525000	
05:48.45	249.750000	250.000000	38.563259	33.175240	20.000000	0.000000	205.400009	33.175240	32.658966	27.754526	0.525000	
05:49.51	249.812500	250.000000	38.642170	33.175240	20.000000	0.000000	205.360001	33.175240	32.658966	27.754526	0.525000	
05:50.46	249.812500	250.000000	38.610664	33.175240	20.000000	0.000000	205.360001	33.175240	32.658966	27.754526	0.525000	
05:51.47	249.812500	250.000000	38.580265	33.175240	20.000000	0.000000	205.360001	33.175240	32.658966	27.754526	0.525000	
05:52.48	249.812500	250.000000	38.534157	33.175240	20.000000	0.000000	205.360001	33.175240	32.658966	27.754526	0.525000	
05:53.48	250.000000	250.000000	38.882027	33.175240	20.000000	0.000000	205.360001	33.175240	32.658966	27.754526	0.525000	
05:54.45	249.812500	250.000000	38.492840	33.226860	20.000000	0.000000	205.360001	33.226860	32.658966	27.754526	0.525000	
05:55.45	250.124985	250.000000	39.113815	33.175240	20.000000	0.000000	205.360001	33.175240	32.658966	27.754526	0.525000	
05:56.45	250.000000	250.000000	38.882809	33.175240	20.000000	0.000000	205.360001	33.175240	32.658966	27.754526	0.525000	
05:57.45	250.000000	250.000000	38.915836	33.175240	20.000000	0.000000	205.360001	33.175240	32.658966	27.754526	0.525000	
05:58.45	249.937500	250.000000	38.786003	33.226860	20.000000	0.000000	205.319992	33.226860	32.658966	27.754526	0.530000	
05:59.46	250.312500	250.000000	39.550583	33.175240	20.000000	0.000000	205.319992	33.175240	32.658966	27.754526	0.530000	
06:00.45	250.312500	250.000000	39.602882	33.226860	20.000000	0.000000	205.319992	33.226860	32.658966	27.754526	0.525000	
06:01.62	250.124985	250.000000	39.271091	33.226860	20.000000	0.000000	205.319992	33.226860	32.658966	27.806143	0.525000	
06:02.46	250.000000	250.000000	39.039188	33.226860	20.000000	0.000000	205.319992	33.226860	32.658966	27.806143	0.525000	
06:03.45	249.937500	250.000000	38.908443	33.226860	20.000000	0.000000	205.319992	33.226860	32.658966	27.806143	0.525000	
06:04.45	250.124985	250.000000	39.279198	33.226860	20.000000	0.000000	205.319992	33.226860	32.658966	27.806143	0.525000	
06:05.45	250.000000	250.000000	39.031319	33.226860	20.000000	0.000000	205.319992	33.226860	32.658966	27.806143	0.525000	
06:06.45	250.000000	250.000000	39.042316	33.226860	20.000000	0.000000	205.319992	33.226860	32.658966	27.806143	0.525000	
06:07.45	250.000000	250.000000	39.052105	33.226860	20.000000	0.000000	205.319992	33.226860	32.658966	27.806143	0.525000	
06:08.45	250.124985	250.000000	39.302044	33.175240	20.000000	0.000000	205.319992	33.175240	32.658966	27.806143	0.525000	
06:09.45	250.124985	250.000000	39.332748	33.226860	20.000000	0.000000	205.279999	33.226860	32.658966	27.806143	0.525000	
06:10.50	250.562485	250.000000	40.258121	33.226860	20.000000	0.000000	205.279999	33.226860	32.658966	27.806143	0.525000	
06:11.45	250.000000	250.000000	39.193676	33.226860	20.000000	0.000000	205.279999	33.226860	32.658966	27.806143	0.525000	
06:12.45	250.124985	250.000000	39.452110	33.226860	20.000000	0.000000	205.279999	33.226860	32.658966	27.806143	0.525000	
06:13.45	250.000000	250.000000	39.229065	33.226860	20.000000	0.000000	189.400009	33.226860	32.658966	27.806143	0.525000	
06:14.45	250.250015	250.000000	38.245064	33.226860	20.000000	0.000000	189.400009	33.226860	32.658966	27.806143	0.525000	
06:15.45	250.124985	250.000000	38.031349	33.226860	20.000000	0.000000	189.400009	33.226860	32.658966	27.806143	0.525000	
06:16.45	250.250015	250.000000	38.304676	33.226860	20.000000	0.000000	189.400009	33.226860	32.658966	27.806143	0.525000	
06:17.45	250.312500	250.000000	38.501053	33.226860	20.000000	0.000000	189.400009	33.226860	32.658966	27.806143	0.525000	
06:18.45	250.312500	250.000000	38.541000	33.226860	20.000000	0.000000	189.400009	33.226860	32.658966	27.806143	0.525000	
06:19.45	250.437500	250.000000	38.836250	33.226860	20.000000	0.000000	189.400009	33.226860	32.658966	27.806143	0.525000	
06:20.45	250.437500	250.000000	38.898663	33.226860	20.000000	0.000000	189.360016	33.226860	32.658966	27.806143	0.525000	
06:21.45	250.250015	250.000000	38.610500	33.226860	20.000000	0.000000	189.360016	33.226860	32.658966	27.806143	0.525000	
06:22.45	250.437500	250.000000	39.026649	33.226860	20.000000	0.000000	189.360016	33.226860	32.658966	27.806143	0.525000	
06:23.45	250.625015	250.000000	39.474426	33.226860	20.000000	0.000000	189.360016	33.226860	32.658966	27.806143	0.525000	
06:24.45	250.250015	250.000000	38.816387	33.226860	20.000000	0.000000	189.360016	33.226860	32.658966	27.806143	0.525000	
06:25.45	250.562485	250.000000	39.480980	33.226860	20.000000	0.000000	189.360016	33.226860	32.658966	27.806143	0.525000	
06:26.45	250.437500	250.000000	39.316952	33.226860	20.000000	0.000000	189.360016	33.226860	32.658966	27.909393	0.525000	
06:27.45	250.437500	250.000000	39.374233	33.226860	20.000000	0.000000	189.360016	33.226860	32.658966	27.909393	0.525000	
06:28.45	250.437500	250.000000	39.470947	33.226860	20.000000	0.000000	189.360016	33.226860	32.658966	27.909393	0.525000	
06:29.45	250.312500	250.000000	39.284149	33.226860	20.000000	0.000000	189.360016	33.226860	32.658966	27.909393	0.525000	
06:30.45	250.250015	250.000000	39.206104	33.278473	20.000000	0.000000	189.319992	33.278473	32.710583	27.909393	0.525000	
06:31.45	250.124985	250.000000	39.029240	33.226860	20.000000	0.000000	189.319992	33.226860	32.658966	27.909393	0.525000	
06:32.45	250.124985	250.000000	39.058487	33.226860	20.000000	0.000000	189.319992	33.226860	32.658966	27.909393	0.525000	
06:33.45	250.312500	250.000000	39.450211	33.278473	20.000000	0.000000	189.319992	33.278473	32.710583	27.909393	0.525000	
06:34.45	250.312500	250.000000	39.498180	33.278473	20.000000	0.000000	189.319992	33.278473	32.710583	27.909393	0.525000	
06:35.45	250.124985	250.000000	38.529575	33.278473	20.000000	0.000000	165.760010	33.278473	32.710583	27.909393	0.525000	
06:36.45	249.937500	250.000000	33.883934	33.278473	20.000000	0.000000	136.800003	33.278473	32.710583	27.909393	0.525000	
06:37.45	249.750000	250.000000	33.493790	33.278473	20.000000	0.000000	136.800003	33.278473	32.710583	27.909393	0.525000	
06:38.45	249.500000	250.000000	32.940842	33.278473	20.000000	0.000000	136.759995	33.278473	32.710583	27.909393	0.525000	
06:39.45	249.437500	250.000000	32.715496	33.278473	20.000000	0.000000	136.759995	33.278473	32.658966	27.909393	0.525000	
06:40.45	249.437500	250.000000	32.622849	33.278473	20.000000	0.000000	136.759995	33.278473	32.710583	27.806143	0.525000	
06:41.45	249.187500	250.000000	32.030594	33.278473	20.000000	0.000000	136.759995	33.278473	32.710583	27.806143	0.525000	
06:42.45	249.000000	250.000000	31.467327	33.278473	20.000000	0.000000	136.759995	33.278473	32.710583	27.806143	0.525000	
06:43.44	249.000000	250.000000	31.321995	33.278473	20.000000	0.000000	136.759995	33.278473	32.710583	27.806143	0.525000	
06:44.45	249.437500	250.000000	32.067371	33.278473	20.000000	0.000000	136.759995	33.278473	32.710583	27.806143	0.525000	
06:45.45	249.312500	250.000000	31.728004	33.278473	20.000000	0.000000	136.759995	33.278473	32.710583	27.806143	0.525000	
06:46.45	249.437500	250.000000	31.808079	33.278473	20.000000	0.000000	136.759995	33.278473	32.710583	27.806143	0.525000	
06:47.45	249.312500	250.000000	31.469265	33.278473	20.000000	0.000000	136.759995	33.278473	32.658966	27.806143	0.525000	
06:48.45	249.187500	250.000000	31.103107	33.278473	20.000000	0.000000	136.759995	33.278473	32.710583	27.806143	0.525000	
06:49.45	249.000000	250.000000	30.610008	33.278473	20.000000	0.000000	136.759995	33.278473	32.710583	27.806143	0.525000	
06:50.45	249.312500	250.000000	31.033508	33.278473	20.000000	0.000000	136.759995	33.278473	32.710583	27.806143	0.525000	
06:51.47	249.312500	250.000000	30.930161	33.278473	20.000000	0.000000	136.759995	33.278473	32.710583	27.806143	0.525000	
06:52.46	249.125000	250.000000	30.395756	33.278473	20.000000	0.000000	136.759995	33.278473	32.710583	27.806143	0.525000	
06:53.46	249.312500	250.000000	30.657204	33.278473	20.000000	0.000000	136.720001	33.278473	32.710583	27.806143	0.525000	
06:54.45	249.187500	250.000000	30.318581	33.278473	20.000000	0.000000	136.720001	33.278473	32.710583	27.806143	0.525000	
06:55.45	249.437500	250.000000	30.695515	33.278473	20.000000	0.000000	136.720001	33.278473	32.710583	27.754526	0.525000	
06:56.39	249.312500	250.000000	30.354065	33.278473	20.000000	0.000000	136.720001	33.278473	32.710583	27.754526	0.530000	
06:56.39	249.312500	250.000000	30.354065	33.278473	20.000000	0.000000	136.720001	33.278473	32.710583	27.754526	0.530000	
06:58.48	249.437500	250.000000	30.347870	33.278473	20.000000	0.000000	136.720001	33.278473	32.710583	27.754526	0.530000	
06:59.45	249.437500	250.000000	30.265461	33.278473	20.000000	0.000000	136.720001	33.278473	32.710583	27.754526	0.530000	
07:00.45	249.187500	250.000000	29.635387	33.330086	20.000000	0.000000	136.720001	33.278473	32.710583	27.754526	0.525000	
07:01.45	249.437500	250.000000	30.031551	33.278473	20.000000	0.000000	136.720001	33.278473	32.710583	27.754526	0.530000	
07:02.49	249.500000	250.000000	30.091053	33.330086	20.000000	0.000000	136.720001	33.330086	32.710583	27.754526	0.525000	
07:03.49	249.625000	250.000000	30.273643	33.330086	20.000000	0.000000	136.720001	33.330086	32.710583	27.754526	0.525000	
07:04.45	249.750000	250.000000	30.418270	33.330086	20.000000	0.000000	136.720001	33.330086	32.710583	27.754526	0.525000	
07:05.44	249.437500	250.000000	29.731642	33.330086	20.000000	0.000000	136.680008	33.330086	32.710583	27.754526	0.525000	
07:06.45	249.750000	250.000000	30.285393	33.278473	20.000000	0.000000	136.680008	33.278473	32.710583	27.754526	0.525000	
07:07.45	249.750000	250.000000	30.223038	33.278473	20.000000	0.000000	136.680008	33.278473	32.710583	27.754526	0.530000	
07:08.45	249.812500	250.000000	30.310881	33.330086	20.000000	0.000000	136.680008	33.330086	32.710583	27.754526	0.525000	
07:09.45	249.812500	250.000000	30.278805	33.278473	20.000000	0.000000	136.680008	33.278473	32.710583	27.754526	0.525000	
07:10.57	249.812500	250.000000	30.247009	33.278473	20.000000	0.000000	136.680008	33.278473	32.710583	27.754526	0.525000	
07:11.46	249.812500	250.000000	30.220411	33.330086	20.000000	0.000000	136.680008	33.330086	32.710583	27.754526	0.525000	
07:12.45	249.937500	250.000000	30.451950	33.278473	20.000000	0.000000	136.680008	33.278473	32.710583	27.754526	0.525000	
07:13.44	249.812500	250.000000	30.197016	33.278473	20.000000	0.000000	136.680008	33.278473	32.710583	27.754526	0.525000	
07:14.45	249.812500	250.000000	30.152262	33.278473	20.000000	0.000000	136.680008	33.278473	32.710583	27.754526	0.525000	
07:15.45	249.937500	250.000000	30.376223	33.278473	20.000000	0.000000	136.680008	33.278473	32.710583	27.754526	0.525000	
07:16.44	250.124985	250.000000	30.764872	33.278473	20.000000	0.000000	136.680008	33.278473	32.710583	27.754526	0.530000	
07:17.44	250.312500	250.000000	31.157782	33.278473	20.000000	0.000000	136.680008	33.278473	32.710583	27.754526	0.525000	
07:18.44	250.312500	250.000000	31.203197	33.330086	20.000000	0.000000	136.639999	33.330086	32.710583	27.754526	0.525000	
07:19.44	250.124985	250.000000	30.866169	33.330086	20.000000	0.000000	136.639999	33.330086	32.710583	27.754526	0.525000	
07:20.44	250.437500	250.000000	31.522532	33.330086	20.000000	0.000000	136.639999	33.330086	32.710583	27.754526	0.525000	
07:21.45	250.250015	250.000000	31.229452	33.330086	20.000000	0.000000	136.639999	33.330086	32.710583	27.806143	0.530000	
07:22.44	250.250015	250.000000	31.265661	33.330086	20.000000	0.000000	136.639999	33.330086	32.710583	27.806143	0.530000	
07:23.45	250.250015	250.000000	31.292286	33.330086	20.000000	0.000000	136.639999	33.330086	32.710583	27.806143	0.525000	
07:24.45	250.312500	250.000000	31.471884	33.330086	20.000000	0.000000	136.639999	33.330086	32.710583	27.806143	0.525000	
07:25.44	250.250015	250.000000	31.403568	33.330086	20.000000	0.000000	136.639999	33.330086	32.710583	27.806143	0.525000	
07:26.45	250.250015	250.000000	31.429941	33.330086	20.000000	0.000000	136.639999	33.330086	32.710583	27.806143	0.530000	
07:27.44	250.124985	250.000000	31.215853	33.330086	20.000000	0.000000	136.639999	33.330086	32.710583	27.806143	0.525000	
07:28.44	250.250015	250.000000	31.489687	33.330086	20.000000	0.000000	136.639999	33.330086	32.762196	27.806143	0.530000	
07:29.44	250.250015	250.000000	31.508896	33.381725	20.000000	0.000000	136.639999	33.381725	32.762196	27.806143	0.530000	
07:30.44	250.250015	250.000000	31.547316	33.381725	20.000000	0.000000	136.639999	33.381725	32.762196	27.909393	0.530000	
07:31.44	250.312500	250.000000	31.707239	33.381725	20.000000	0.000000	136.639999	33.381725	32.762196	27.909393	0.525000	
07:32.44	250.250015	250.000000	31.623604	33.381725	20.000000	0.000000	136.600006	33.381725	32.762196	27.909393	0.525000	
07:33.44	250.124985	250.000000	31.400366	33.381725	20.000000	0.000000	136.600006	33.381725	32.762196	27.909393	0.525000	
07:34.44	250.000000	250.000000	31.163944	33.381725	20.000000	0.000000	136.600006	33.381725	32.762196	27.909393	0.525000	
07:35.45	249.750000	250.000000	30.673910	33.381725	20.000000	0.000000	136.600006	33.381725	32.762196	27.909393	0.525000	
07:36.44	250.124985	250.000000	31.402985	33.381725	20.000000	0.000000	136.600006	33.381725	32.762196	27.909393	0.525000	
07:37.44	250.437500	250.000000	32.046959	33.381725	20.000000	0.000000	136.600006	33.381725	32.762196	27.909393	0.525000	
07:38.44	250.124985	250.000000	31.479162	33.381725	20.000000	0.000000	136.600006	33.381725	32.762196	27.909393	0.525000	
07:39.44	250.124985	250.000000	31.508202	33.381725	20.000000	0.000000	136.600006	33.381725	32.762196	27.909393	0.525000	
07:40.44	250.250015	250.000000	31.776352	33.381725	20.000000	0.000000	136.600006	33.381725	32.762196	27.909393	0.525000	
07:41.45	250.250015	250.000000	31.796228	33.381725	20.000000	0.000000	136.600006	33.381725	32.762196	27.909393	0.525000	
07:42.44	250.000000	250.000000	31.346573	33.381725	20.000000	0.000000	136.600006	33.381725	32.762196	27.909393	0.525000	
07:43.45	249.937500	250.000000	31.221603	33.381725	20.000000	0.000000	136.600006	33.381725	32.762196	27.909393	0.525000	
07:44.45	250.124985	250.000000	31.600489	33.381725	20.000000	0.000000	136.600006	33.381725	32.762196	27.909393	0.525000	
07:45.44	250.000000	250.000000	31.386400	33.381725	20.000000	0.000000	136.600006	33.381725	32.762196	27.909393	0.525000	
07:46.44	249.937500	250.000000	31.261431	33.381725	20.000000	0.000000	136.600006	33.381725	32.813854	27.909393	0.525000	
07:47.44	249.812500	250.000000	31.007185	33.381725	20.000000	0.000000	136.600006	33.381725	32.813854	28.012646	0.525000	
07:48.45	249.937500	250.000000	31.243494	33.433361	20.000000	0.000000	136.600006	33.433361	32.762196	28.012646	0.525000	
07:49.44	249.812500	250.000000	30.971317	33.433361	20.000000	0.000000	136.559998	33.433361	32.762196	28.012646	0.525000	
07:50.44	249.937500	250.000000	31.201950	33.433361	20.000000	0.000000	136.559998	33.433361	32.813854	28.012646	0.525000	
07:51.45	250.000000	250.000000	31.322712	33.433361	20.000000	0.000000	136.559998	33.433361	32.813854	28.012646	0.525000	
07:52.44	250.000000	250.000000	31.304190	33.484993	20.000000	0.000000	136.559998	33.484993	32.813854	28.012646	0.525000	
07:53.44	250.124985	250.000000	31.542337	33.433361	20.000000	0.000000	136.559998	33.433361	32.813854	28.012646	0.530000	
07:54.46	249.937500	250.000000	31.193945	33.484993	20.000000	0.000000	136.559998	33.484993	32.762196	28.012646	0.530000	
07:55.44	249.812500	250.000000	30.917332	33.433361	20.000000	0.000000	136.559998	33.433361	32.813854	28.012646	0.530000	
07:56.45	249.750000	250.000000	30.761192	33.484993	20.000000	0.000000	136.559998	33.484993	32.813854	28.012646	0.525000	
07:57.44	249.937500	250.000000	31.104240	33.484993	20.000000	0.000000	136.559998	33.484993	32.762196	28.012646	0.525000	
07:58.44	249.937500	250.000000	31.099409	33.484993	20.000000	0.000000	136.559998	33.484993	32.813854	28.012646	0.530000	
07:59.44	249.812500	250.000000	30.845037	33.484993	20.000000	0.000000	136.559998	33.484993	32.762196	28.012646	0.525000	
08:00.46	249.750000	250.000000	30.702089	33.484993	20.000000	0.000000	136.559998	33.484993	32.762196	28.012646	0.525000	
08:01.44	250.000000	250.000000	31.183828	33.484993	20.000000	0.000000	136.559998	33.484993	32.813854	28.012646	0.525000	
08:02.45	249.937500	250.000000	31.058859	33.484993	20.000000	0.000000	136.559998	33.484993	32.813854	28.012646	0.530000	
08:03.45	250.124985	250.000000	31.429602	33.484993	20.000000	0.000000	136.559998	33.484993	32.813854	28.012646	0.525000	
08:04.44	249.937500	250.000000	31.072897	33.484993	20.000000	0.000000	136.559998	33.484993	32.813854	28.012646	0.525000	
08:05.44	250.000000	250.000000	31.202709	33.484993	20.000000	0.000000	136.559998	33.484993	32.813854	28.012646	0.525000	
08:06.44	250.000000	250.000000	31.211082	33.484993	20.000000	0.000000	136.559998	33.484993	32.813854	28.012646	0.525000	
08:07.44	249.937500	250.000000	31.068195	33.484993	20.000000	0.000000	136.559998	33.484993	32.813854	28.012646	0.525000	
08:08.44	250.000000	250.000000	31.198568	33.484993	20.000000	0.000000	136.559998	33.484993	32.813854	28.012646	0.525000	
08:09.44	250.124985	250.000000	31.457464	33.484993	20.000000	0.000000	136.559998	33.484993	32.813854	28.012646	0.525000	
08:10.44	249.937500	250.000000	31.072510	33.484993	20.000000	0.000000	136.520004	33.484993	32.813854	28.012646	0.525000	
08:11.44	249.937500	250.000000	31.067730	33.484993	20.000000	0.000000	136.520004	33.484993	32.762196	28.012646	0.525000	
08:12.44	249.812500	250.000000	30.794285	33.484993	20.000000	0.000000	136.520004	33.484993	32.813854	28.012646	0.525000	
08:13.44	249.812500	250.000000	30.752903	33.484993	20.000000	0.000000	136.520004	33.484993	32.813854	28.012646	0.525000	
08:14.44	249.937500	250.000000	30.973711	33.484993	20.000000	0.000000	136.520004	33.484993	32.813854	28.012646	0.525000	
08:15.44	249.750000	250.000000	30.575089	33.484993	20.000000	0.000000	136.520004	33.484993	32.813854	28.012646	0.525000	
08:16.44	249.812500	250.000000	30.644930	33.484993	20.000000	0.000000	136.520004	33.484993	32.813854	28.012646	0.525000	
08:17.44	249.750000	250.000000	30.449820	33.484993	20.000000	0.000000	136.520004	33.484993	32.813854	28.012646	0.530000	
08:18.44	249.812500	250.000000	30.529913	33.484993	20.000000	0.000000	136.520004	33.484993	32.813854	28.012646	0.525000	
08:19.44	249.750000	250.000000	30.378159	33.484993	20.000000	0.000000	136.520004	33.484993	32.813854	28.012646	0.525000	
08:20.44	249.812500	250.000000	30.442604	33.484993	20.000000	0.000000	136.520004	33.484993	32.813854	28.012646	0.530000	
08:21.45	249.937500	250.000000	30.659025	33.484993	20.000000	0.000000	136.520004	33.484993	32.813854	28.012646	0.530000	
08:22.44	250.000000	250.000000	30.775560	33.484993	20.000000	0.000000	136.520004	33.484993	32.813854	28.012646	0.530000	
08:23.44	249.812500	250.000000	30.382166	33.484993	20.000000	0.000000	136.520004	33.484993	32.813854	28.012646	0.530000	
08:24.44	249.750000	250.000000	30.231817	33.484993	20.000000	0.000000	136.520004	33.484993	32.813854	28.012646	0.530000	
08:25.44	249.937500	250.000000	30.573708	33.484993	20.000000	0.000000	136.520004	33.484993	32.813854	28.012646	0.530000	
08:26.44	250.124985	250.000000	30.944399	33.484993	20.000000	0.000000	136.520004	33.484993	32.813854	28.012646	0.530000	
08:27.44	250.124985	250.000000	30.981874	33.484993	20.000000	0.000000	136.520004	33.484993	32.813854	28.012646	0.530000	
08:28.44	250.000000	250.000000	30.750160	33.484993	20.000000	0.000000	136.520004	33.484993	32.813854	28.012646	0.525000	
08:29.44	249.937500	250.000000	30.625191	33.484993	20.000000	0.000000	136.520004	33.484993	32.813854	28.012646	0.525000	
08:30.44	250.000000	250.000000	30.745619	33.484993	20.000000	0.000000	136.520004	33.484993	32.813854	28.012646	0.530000	
08:31.44	250.124985	250.000000	30.990913	33.536613	20.000000	0.000000	136.520004	33.536613	32.813854	28.012646	0.525000	
08:32.44	250.000000	250.000000	30.749743	33.484993	20.000000	0.000000	136.479996	33.484993	32.813854	28.012646	0.525000	
08:33.44	250.312500	250.000000	31.399221	33.484993	20.000000	0.000000	136.479996	33.484993	32.813854	28.012646	0.525000	
08:34.44	250.250015	250.000000	31.327560	33.536613	20.000000	0.000000	136.479996	33.536613	32.813854	28.012646	0.525000	
08:35.44	250.250015	250.000000	31.354101	33.536613	20.000000	0.000000	136.479996	33.536613	32.813854	28.012646	0.525000	
08:36.44	250.124985	250.000000	31.132341	33.536613	20.000000	0.000000	136.479996	33.536613	32.813854	28.012646	0.525000	
08:37.44	250.124985	250.000000	31.169859	33.536613	20.000000	0.000000	136.479996	33.536613	32.813854	28.012646	0.525000	
08:38.44	250.124985	250.000000	31.193731	33.536613	20.000000	0.000000	136.479996	33.536613	32.813854	28.012646	0.530000	
08:39.44	250.124985	250.000000	31.234083	33.484993	20.000000	0.000000	141.720001	33.484993	32.813854	28.012646	0.530000	
08:40.44	250.250015	250.000000	35.029278	33.536613	20.000000	0.000000	182.160004	33.536613	32.813854	28.012646	0.525000	
08:41.44	250.562485	250.000000	37.134411	33.536613	20.000000	0.000000	189.000000	33.536613	32.813854	28.012646	0.530000	
08:42.52	250.875000	250.000000	37.854252	33.484993	20.000000	0.000000	189.039993	33.484993	32.813854	28.012646	0.525000	
08:43.49	250.625015	250.000000	37.470970	33.536613	20.000000	0.000000	189.000000	33.536613	32.813854	28.012646	0.530000	
08:44.58	250.875000	250.000000	38.117809	33.484993	20.000000	0.000000	189.000000	33.484993	32.865467	28.115896	0.525000	
08:45.32	251.062515	250.000000	38.627052	33.484993	20.000000	0.000000	189.000000	33.484993	32.865467	28.115896	0.530000	
08:45.32	251.062515	250.000000	38.627052	33.484993	20.000000	0.000000	189.000000	33.484993	32.865467	28.115896	0.530000	
08:47.50	251.500015	250.000000	39.851944	33.484993	20.000000	0.000000	189.000000	33.484993	32.813854	28.115896	0.530000	
08:48.55	251.500015	250.000000	40.148277	33.536613	20.000000	0.000000	189.000000	33.536613	32.865467	28.115896	0.525000	
08:49.46	251.374985	250.000000	40.097855	33.536613	20.000000	0.000000	189.000000	33.536613	32.865467	28.115896	0.525000	
08:50.56	251.062515	250.000000	39.684143	33.536613	20.000000	0.000000	189.000000	33.536613	32.813854	28.115896	0.525000	
08:51.48	251.374985	250.000000	40.579327	33.536613	20.000000	0.000000	189.000000	33.536613	32.865467	28.115896	0.525000	
08:52.50	251.250000	250.000000	40.531281	33.536613	20.000000	0.000000	189.000000	33.536613	32.865467	28.115896	0.525000	
08:53.44	251.187500	250.000000	40.590061	33.536613	20.000000	0.000000	189.000000	33.536613	32.813854	28.115896	0.525000	
08:54.44	251.187500	250.000000	40.766102	33.536613	20.000000	0.000000	189.000000	33.536613	32.813854	28.115896	0.530000	
08:55.44	251.062515	250.000000	40.757980	33.536613	20.000000	0.000000	189.000000	33.536613	32.813854	28.115896	0.530000	
08:56.44	250.937485	250.000000	40.648361	33.536613	20.000000	0.000000	189.000000	33.536613	32.865467	28.115896	0.530000	
08:57.44	250.937485	250.000000	40.793827	33.536613	20.000000	0.000000	189.000000	33.536613	32.865467	28.115896	0.525000	
08:58.44	250.937485	250.000000	40.936798	33.536613	20.000000	0.000000	189.000000	33.536613	32.865467	28.115896	0.530000	
08:59.44	250.875000	250.000000	40.998417	33.536613	20.000000	0.000000	189.000000	33.536613	32.865467	28.012646	0.530000	
09:00.44	250.750000	250.000000	40.863659	33.536613	20.000000	0.000000	189.000000	33.536613	32.865467	28.012646	0.530000	
09:01.44	250.875000	250.000000	41.223118	33.588226	20.000000	0.000000	189.000000	33.588226	32.865467	28.012646	0.530000	
09:02.44	250.437500	250.000000	40.477158	33.536613	20.000000	0.000000	189.000000	33.536613	32.865467	28.012646	0.530000	
09:03.44	250.437500	250.000000	40.552647	33.536613	20.000000	0.000000	189.000000	33.536613	32.865467	28.012646	0.525000	
09:04.44	250.562485	250.000000	40.865368	33.588226	20.000000	0.000000	189.000000	33.588226	32.865467	28.012646	0.525000	
09:05.44	250.250015	250.000000	40.305534	33.536613	20.000000	0.000000	189.039993	33.536613	32.865467	28.012646	0.525000	
09:06.44	250.312500	250.000000	40.505814	33.536613	20.000000	0.000000	189.039993	33.536613	32.865467	28.012646	0.525000	
09:07.44	250.437500	250.000000	40.801327	33.588226	20.000000	0.000000	189.039993	33.588226	32.865467	28.012646	0.525000	
09:08.44	250.000000	250.000000	39.975925	33.536613	20.000000	0.000000	189.039993	33.536613	32.865467	28.012646	0.525000	
09:09.44	249.937500	250.000000	39.846321	33.588226	20.000000	0.000000	189.039993	33.588226	32.865467	28.012646	0.530000	
09:10.44	250.000000	250.000000	39.984924	33.536613	20.000000	0.000000	189.039993	33.536613	32.865467	28.012646	0.525000	
09:11.44	250.124985	250.000000	40.234863	33.588226	20.000000	0.000000	189.039993	33.588226	32.865467	28.012646	0.530000	
09:12.44	250.312500	250.000000	40.619316	33.536613	20.000000	0.000000	189.039993	33.536613	32.865467	28.012646	0.525000	
09:13.44	250.124985	250.000000	40.299263	33.588226	20.000000	0.000000	189.039993	33.588226	32.865467	28.012646	0.525000	
09:14.44	250.250015	250.000000	40.577522	33.588226	20.000000	0.000000	189.039993	33.588226	32.865467	28.012646	0.530000	
09:15.44	250.124985	250.000000	40.354095	33.588226	20.000000	0.000000	189.039993	33.588226	32.865467	28.115896	0.530000	
09:16.44	249.937500	250.000000	39.988289	33.588226	20.000000	0.000000	189.039993	33.588226	32.865467	28.115896	0.530000	
09:17.44	250.000000	250.000000	40.095966	33.588226	20.000000	0.000000	189.039993	33.588226	32.865467	28.115896	0.530000	
09:18.44	249.750000	250.000000	39.582371	33.536613	20.000000	0.000000	189.039993	33.536613	32.865467	28.115896	0.525000	
09:19.44	250.124985	250.000000	40.301018	33.536613	20.000000	0.000000	189.039993	33.536613	32.865467	28.115896	0.525000	
09:20.44	249.812500	250.000000	39.680599	33.536613	20.000000	0.000000	189.039993	33.536613	32.865467	28.115896	0.525000	
09:21.43	249.937500	250.000000	39.913158	33.536613	20.000000	0.000000	189.039993	33.536613	32.865467	28.115896	0.530000	
09:22.44	249.750000	250.000000	39.516407	33.536613	20.000000	0.000000	189.039993	33.536613	32.865467	28.115896	0.525000	
09:23.44	249.750000	250.000000	39.500587	33.536613	20.000000	0.000000	189.039993	33.536613	32.917107	28.115896	0.525000	
09:24.44	249.625000	250.000000	39.194904	33.536613	20.000000	0.000000	189.039993	33.536613	32.865467	28.012646	0.525000	
09:25.44	250.000000	250.000000	39.919930	33.536613	20.000000	0.000000	189.039993	33.536613	32.917107	28.012646	0.525000	
09:26.44	250.000000	250.000000	39.915379	33.536613	20.000000	0.000000	189.039993	33.536613	32.917107	28.012646	0.530000	
09:27.44	250.000000	250.000000	39.942024	33.536613	20.000000	0.000000	189.039993	33.536613	32.917107	28.012646	0.525000	
09:28.44	250.000000	250.000000	39.937088	33.536613	20.000000	0.000000	189.039993	33.536613	32.917107	28.012646	0.525000	
09:29.44	250.000000	250.000000	39.937088	33.536613	20.000000	0.000000	189.039993	33.536613	32.917107	28.012646	0.525000	
09:30.44	249.937500	250.000000	39.807838	33.536613	20.000000	0.000000	189.039993	33.536613	32.917107	28.012646	0.525000	
09:31.44	250.124985	250.000000	40.174042	33.536613	20.000000	0.000000	189.039993	33.536613	32.917107	28.012646	0.530000	
09:32.44	250.000000	250.000000	39.914288	33.588226	20.000000	0.000000	189.039993	33.588226	32.917107	28.012646	0.525000	
09:33.44	250.000000	250.000000	39.900566	33.588226	20.000000	0.000000	189.039993	33.588226	32.917107	28.012646	0.525000	
09:34.44	250.250015	250.000000	40.391899	33.588226	20.000000	0.000000	189.080017	33.588226	32.917107	28.012646	0.530000	
09:35.44	250.124985	250.000000	40.170036	33.639839	20.000000	0.000000	189.080017	33.639839	32.917107	28.012646	0.530000	
09:36.44	250.124985	250.000000	40.187885	33.639839	20.000000	0.000000	189.080017	33.639839	32.917107	28.012646	0.525000	
09:37.44	250.000000	250.000000	39.955841	33.639839	20.000000	0.000000	189.080017	33.639839	32.917107	28.012646	0.530000	
09:38.44	250.000000	250.000000	39.974190	33.639839	20.000000	0.000000	189.080017	33.639839	32.917107	28.012646	0.530000	
09:39.44	250.000000	250.000000	39.974190	33.691479	20.000000	0.000000	189.080017	33.691479	32.917107	28.012646	0.525000	
09:40.44	250.000000	250.000000	39.974190	33.691479	20.000000	0.000000	189.080017	33.691479	32.917107	28.012646	0.530000	
09:41.44	250.312500	250.000000	40.608646	33.691479	20.000000	0.000000	189.080017	33.691479	32.917107	28.012646	0.530000	
09:42.45	250.000000	250.000000	40.014309	33.691479	20.000000	0.000000	189.080017	33.691479	32.917107	28.012646	0.530000	
09:43.44	250.000000	250.000000	40.014309	33.639839	20.000000	0.000000	189.080017	33.639839	32.917107	28.012646	0.530000	
09:44.46	250.000000	250.000000	40.014309	33.639839	20.000000	0.000000	189.080017	33.639839	32.968719	28.012646	0.530000	
09:45.44	249.750000	250.000000	39.523632	33.691479	20.000000	0.000000	189.080017	33.691479	32.917107	28.012646	0.530000	
09:46.48	249.750000	250.000000	39.492390	33.691479	20.000000	0.000000	189.080017	33.691479	32.917107	28.012646	0.530000	
09:47.44	249.812500	250.000000	39.580940	33.691479	20.000000	0.000000	189.080017	33.691479	32.968719	28.012646	0.530000	
