

Time Index	X1 in mm	W1 in mm	Y1 in %	X2 in °C	W2 in °C	Y2 in %	F1 in l/h	T1 in °C	T2 in °C	T3 in °C	Pos in %	
00:00.73	259.625000	250.000000	53.779964	28.838675	20.000000	0.000000	205.080002	28.838675	28.012646	26.567129	0.485000	
00:01.74	259.062500	250.000000	53.985790	28.838675	20.000000	0.000000	205.080002	28.838675	28.012646	26.567129	0.485000	
00:02.73	258.875000	250.000000	54.935581	28.787037	20.000000	0.000000	205.080002	28.787037	28.012646	26.567129	0.485000	
00:03.73	258.375000	250.000000	55.758770	28.787037	20.000000	0.000000	205.080002	28.787037	28.012646	26.567129	0.485000	
00:04.73	258.125000	250.000000	56.470428	28.838675	20.000000	0.000000	205.080002	28.838675	28.012646	26.567129	0.485000	
00:05.73	257.500000	250.000000	56.363346	28.838675	20.000000	0.000000	205.080002	28.838675	28.012646	26.567129	0.485000	
00:06.73	257.187500	250.000000	57.331760	28.838675	20.000000	0.000000	205.080002	28.838675	28.012646	26.567129	0.485000	
00:07.73	256.875000	250.000000	57.655113	28.838675	20.000000	0.000000	205.080002	28.838675	28.012646	26.567129	0.485000	
00:08.73	256.375000	250.000000	57.643127	28.890289	20.000000	0.000000	205.080002	28.890289	28.012646	26.567129	0.485000	
00:09.73	255.937485	250.000000	58.071941	28.890289	20.000000	0.000000	205.080002	28.890289	28.012646	26.567129	0.485000	
00:10.73	255.312500	250.000000	57.680695	28.890289	20.000000	0.000000	205.080002	28.890289	28.012646	26.567129	0.485000	
00:11.73	254.687485	250.000000	57.108818	28.890289	20.000000	0.000000	205.080002	28.890289	28.012646	26.567129	0.485000	
00:12.73	253.874985	250.000000	56.474747	28.890289	20.000000	0.000000	205.080002	28.890289	28.012646	26.670380	0.485000	
00:13.74	253.250000	250.000000	55.743244	28.890289	20.000000	0.000000	205.080002	28.890289	28.012646	26.670380	0.485000	
00:14.73	252.437500	250.000000	54.773895	28.890289	20.000000	0.000000	205.080002	28.890289	28.012646	26.670380	0.485000	
00:15.73	251.562500	250.000000	53.348869	28.890289	20.000000	0.000000	205.080002	28.890289	28.012646	26.670380	0.485000	
00:16.73	250.937485	250.000000	52.290260	28.890289	20.000000	0.000000	205.080002	28.890289	28.012646	26.670380	0.485000	
00:17.73	249.750000	250.000000	50.027134	28.890289	20.000000	0.000000	205.080002	28.890289	28.012646	26.670380	0.485000	
00:18.74	249.000000	250.000000	48.471569	28.838675	20.000000	0.000000	205.080002	28.838675	28.012646	26.670380	0.485000	
00:19.73	248.375000	250.000000	47.048195	28.890289	20.000000	0.000000	205.080002	28.890289	28.064280	26.670380	0.485000	
00:20.73	246.937500	250.000000	43.706524	28.890289	20.000000	0.000000	205.080002	28.890289	28.064280	26.670380	0.485000	
00:21.73	246.000000	250.000000	41.379734	28.890289	20.000000	0.000000	205.080002	28.890289	28.064280	26.670380	0.485000	
00:22.73	245.437500	250.000000	39.632805	28.890289	20.000000	0.000000	205.080002	28.890289	28.064280	26.670380	0.485000	
00:23.73	244.437500	250.000000	36.603413	28.890289	20.000000	0.000000	227.800003	28.890289	28.064280	26.670380	0.485000	
00:24.73	243.562500	250.000000	33.977650	28.890289	20.000000	0.000000	227.800003	28.890289	28.064280	26.670380	0.485000	
00:25.73	242.875000	250.000000	31.525967	28.890289	20.000000	0.000000	189.160004	28.890289	28.064280	26.670380	0.485000	
00:26.74	242.312500	250.000000	28.886642	28.890289	20.000000	0.000000	182.320007	28.890289	28.064280	26.670380	0.485000	
00:27.73	241.500000	250.000000	26.154510	28.890289	20.000000	0.000000	165.599991	28.890289	28.064280	26.670380	0.485000	
00:28.73	240.875000	250.000000	23.054916	28.941906	20.000000	0.000000	141.960007	28.941906	28.064280	26.670380	0.485000	
00:29.73	237.750000	250.000000	15.483986	28.941906	20.000000	0.000000	141.960007	28.941906	28.064280	26.670380	0.485000	
00:30.73	240.125000	250.000000	18.697186	28.941906	20.000000	0.000000	141.960007	28.941906	28.064280	26.670380	0.485000	
00:31.73	239.500000	250.000000	15.342400	28.941906	20.000000	0.000000	141.960007	28.941906	28.064280	26.670380	0.485000	
00:32.73	239.000000	250.000000	12.776485	28.941906	20.000000	0.000000	141.960007	28.941906	28.064280	26.670380	0.485000	
00:33.73	238.562500	250.000000	10.310818	28.993540	20.000000	0.000000	141.960007	28.993540	28.064280	26.670380	0.485000	
00:34.73	238.250000	250.000000	7.181906	28.993540	20.000000	0.000000	141.960007	28.993540	28.064280	26.670380	0.485000	
00:35.73	237.875000	250.000000	4.807978	28.993540	20.000000	0.000000	141.960007	28.993540	28.064280	26.670380	0.485000	
00:36.74	237.562500	250.000000	2.452829	28.993540	20.000000	0.000000	141.960007	28.993540	28.064280	26.670380	0.485000	
00:37.73	237.125000	250.000000	0.000000	28.993540	20.000000	0.000000	141.960007	28.993540	28.115896	26.670380	0.485000	
00:38.73	236.500000	250.000000	0.000000	28.993540	20.000000	0.000000	141.960007	28.993540	28.064280	26.670380	0.485000	
00:39.73	237.125000	250.000000	0.000000	28.993540	20.000000	0.000000	141.960007	28.993540	28.064280	26.670380	0.485000	
00:40.73	237.062500	250.000000	0.000000	28.993540	20.000000	0.000000	141.960007	28.993540	28.115896	26.670380	0.485000	
00:41.73	236.937500	250.000000	0.000000	28.993540	20.000000	0.000000	141.960007	28.993540	28.115896	26.670380	0.485000	
00:42.73	236.625000	250.000000	0.000000	28.941906	20.000000	0.000000	141.960007	28.941906	28.064280	26.670380	0.485000	
00:43.73	236.812500	250.000000	0.000000	28.941906	20.000000	0.000000	141.960007	28.941906	28.115896	26.670380	0.485000	
00:44.73	236.625000	250.000000	0.000000	28.993540	20.000000	0.000000	141.960007	28.993540	28.115896	26.670380	0.485000	
00:45.73	237.062500	250.000000	0.000000	28.941906	20.000000	0.000000	141.960007	28.941906	28.115896	26.670380	0.485000	
00:46.73	237.250000	250.000000	0.152431	28.941906	20.000000	0.000000	141.960007	28.941906	28.115896	26.670380	0.490000	
00:47.73	237.250000	250.000000	0.000000	28.941906	20.000000	0.000000	141.960007	28.941906	28.167511	26.670380	0.485000	
00:48.73	237.437500	250.000000	0.075825	28.993540	20.000000	0.000000	141.919998	28.993540	28.115896	26.670380	0.490000	
00:49.73	237.437500	250.000000	0.000000	28.993540	20.000000	0.000000	141.960007	28.993540	28.115896	26.670380	0.485000	
00:50.73	237.875000	250.000000	0.000000	28.993540	20.000000	0.000000	141.919998	28.993540	28.167511	26.670380	0.485000	
00:51.73	238.187500	250.000000	0.000000	28.993540	20.000000	0.000000	141.919998	28.993540	28.115896	26.670380	0.485000	
00:52.73	238.375000	250.000000	0.127687	28.993540	20.000000	0.000000	141.919998	28.993540	28.167511	26.670380	0.490000	
00:53.73	238.875000	250.000000	0.000000	28.993540	20.000000	0.000000	141.919998	28.993540	28.167511	26.670380	0.485000	
00:54.73	239.500000	250.000000	0.271357	28.941906	20.000000	0.000000	141.919998	28.941906	28.167511	26.670380	0.485000	
00:55.73	240.062500	250.000000	0.608292	28.941906	20.000000	0.000000	141.919998	28.941906	28.167511	26.670380	0.485000	
00:56.73	241.312500	250.000000	1.731604	28.941906	20.000000	0.000000	141.919998	28.941906	28.167511	26.670380	0.485000	
00:57.73	243.062500	250.000000	3.494549	28.941906	20.000000	0.000000	141.919998	28.941906	28.167511	26.670380	0.485000	
00:58.73	244.437500	250.000000	5.355301	28.890289	20.000000	0.000000	141.919998	28.890289	28.167511	26.670380	0.485000	
00:59.73	246.000000	250.000000	7.388831	28.890289	20.000000	0.000000	141.919998	28.890289	28.167511	26.670380	0.485000	
01:00.73	247.000000	250.000000	8.892954	28.941906	20.000000	0.000000	141.919998	28.941906	28.167511	26.670380	0.485000	
01:01.73	248.187500	250.000000	10.884604	28.941906	20.000000	0.000000	141.919998	28.941906	28.167511	26.670380	0.485000	
01:02.73	249.625000	250.000000	13.472535	28.941906	20.000000	0.000000	141.919998	28.941906	28.167511	26.670380	0.485000	
01:03.73	250.625015	250.000000	15.552632	28.993540	20.000000	0.000000	141.919998	28.993540	28.167511	26.670380	0.485000	
01:04.73	251.374985	250.000000	17.164812	28.993540	20.000000	0.000000	141.919998	28.993540	28.167511	26.670380	0.485000	
01:05.73	252.437500	250.000000	19.665216	28.941906	20.000000	0.000000	141.919998	28.941906	28.167511	26.670380	0.485000	
01:06.73	253.062485	250.000000	21.300142	28.993540	20.000000	0.000000	141.919998	28.993540	28.167511	26.670380	0.485000	
01:07.73	255.562515	250.000000	26.748621	28.993540	20.000000	0.000000	141.919998	28.993540	28.167511	26.670380	0.485000	
01:08.73	254.500000	250.000000	25.610657	28.993540	20.000000	0.000000	141.919998	28.993540	28.167511	26.670380	0.485000	
01:09.74	254.937500	250.000000	27.148890	28.993540	20.000000	0.000000	141.880005	28.993540	28.167511	26.670380	0.485000	
01:10.73	257.312500	250.000000	33.006268	28.993540	20.000000	0.000000	141.880005	28.993540	28.167511	26.670380	0.490000	
01:11.98	256.187500	250.000000	31.697771	28.993540	20.000000	0.000000	141.880005	28.993540	28.167511	26.670380	0.490000	
01:12.73	256.562500	250.000000	33.308708	28.993540	20.000000	0.000000	141.880005	28.993540	28.167511	26.670380	0.485000	
01:13.73	256.875000	250.000000	35.351688	28.993540	20.000000	0.000000	141.880005	28.993540	28.167511	26.721994	0.485000	
01:14.73	257.125000	250.000000	36.890938	28.993540	20.000000	0.000000	141.880005	28.993540	28.167511	26.721994	0.490000	
01:15.73	257.437500	250.000000	38.521679	28.993540	20.000000	0.000000	141.880005	28.993540	28.167511	26.721994	0.485000	
01:16.73	257.500000	250.000000	40.201603	28.993540	20.000000	0.000000	141.880005	28.993540	28.167511	26.721994	0.485000	
01:17.73	257.500000	250.000000	41.192852	28.993540	20.000000	0.000000	141.880005	28.993540	28.219147	26.721994	0.490000	
01:18.73	257.500000	250.000000	42.806747	28.993540	20.000000	0.000000	141.880005	28.993540	28.167511	26.721994	0.485000	
01:19.73	257.500000	250.000000	43.877998	28.993540	20.000000	0.000000	141.880005	28.993540	28.219147	26.721994	0.485000	
01:20.73	257.500000	250.000000	44.936749	28.993540	20.000000	0.000000	141.839996	28.993540	28.219147	26.721994	0.485000	
01:21.73	256.875000	250.000000	45.239666	28.993540	20.000000	0.000000	141.839996	28.993540	28.167511	26.773632	0.485000	
01:22.73	256.687500	250.000000	45.812210	28.993540	20.000000	0.000000	141.839996	28.993540	28.219147	26.773632	0.485000	
01:23.73	256.500000	250.000000	46.391258	28.993540	20.000000	0.000000	141.839996	28.993540	28.219147	26.773632	0.485000	
01:24.73	256.062500	250.000000	46.846081	28.993540	20.000000	0.000000	141.839996	28.993540	28.219147	26.773632	0.485000	
01:25.73	255.625015	250.000000	46.816513	28.993540	20.000000	0.000000	141.839996	28.993540	28.219147	26.773632	0.485000	
01:26.73	255.437500	250.000000	47.628288	29.045156	20.000000	0.000000	141.839996	29.045156	28.219147	26.773632	0.485000	
01:27.73	255.124985	250.000000	47.739445	29.045156	20.000000	0.000000	141.839996	29.045156	28.219147	26.773632	0.485000	
01:28.73	255.000000	250.000000	48.223232	29.045156	20.000000	0.000000	141.839996	29.045156	28.219147	26.773632	0.485000	
01:29.73	254.500000	250.000000	48.230492	29.045156	20.000000	0.000000	141.839996	29.045156	28.219147	26.773632	0.485000	
01:30.73	254.062500	250.000000	48.007610	29.045156	20.000000	0.000000	141.839996	29.045156	28.219147	26.773632	0.485000	
01:31.73	254.000015	250.000000	48.448685	29.045156	20.000000	0.000000	141.839996	29.045156	28.219147	26.773632	0.490000	
01:32.73	253.750000	250.000000	48.753075	29.045156	20.000000	0.000000	141.839996	29.045156	28.219147	26.773632	0.490000	
01:33.73	253.250000	250.000000	48.294212	29.045156	20.000000	0.000000	141.839996	29.045156	28.219147	26.773632	0.490000	
01:34.73	253.062485	250.000000	48.367886	29.045156	20.000000	0.000000	141.839996	29.045156	28.219147	26.773632	0.490000	
01:35.73	252.500000	250.000000	47.832127	29.045156	20.000000	0.000000	141.839996	29.045156	28.219147	26.773632	0.490000	
01:36.73	252.187485	250.000000	47.550797	29.045156	20.000000	0.000000	141.839996	29.045156	28.219147	26.773632	0.490000	
01:37.73	251.687500	250.000000	46.847828	29.045156	20.000000	0.000000	141.839996	29.045156	28.219147	26.773632	0.485000	
01:38.73	251.500015	250.000000	46.831795	29.096790	20.000000	0.000000	141.839996	29.096790	28.219147	26.773632	0.485000	
01:39.73	251.062515	250.000000	46.138618	29.096790	20.000000	0.000000	141.839996	29.096790	28.219147	26.773632	0.490000	
01:40.73	250.312500	250.000000	44.826134	29.096790	20.000000	0.000000	141.800003	29.096790	28.219147	26.773632	0.485000	
01:41.73	250.000000	250.000000	44.244728	29.096790	20.000000	0.000000	141.839996	29.096790	28.219147	26.773632	0.485000	
01:42.73	249.625000	250.000000	43.478218	29.096790	20.000000	0.000000	141.800003	29.096790	28.219147	26.773632	0.485000	
01:43.73	249.187500	250.000000	42.486824	29.096790	20.000000	0.000000	141.800003	29.096790	28.219147	26.773632	0.485000	
01:44.73	248.562500	250.000000	41.094185	29.096790	20.000000	0.000000	141.800003	29.096790	28.219147	26.773632	0.485000	
01:45.73	247.875000	250.000000	39.493015	29.096790	20.000000	0.000000	141.800003	29.096790	28.219147	26.773632	0.485000	
01:46.73	247.312500	250.000000	37.880650	29.096790	20.000000	0.000000	141.800003	29.096790	28.219147	26.773632	0.485000	
01:47.73	246.812500	250.000000	36.477402	29.096790	20.000000	0.000000	141.800003	29.096790	28.219147	26.876883	0.485000	
01:48.73	246.062500	250.000000	34.263802	29.096790	20.000000	0.000000	141.800003	29.096790	28.219147	26.876883	0.485000	
01:49.73	245.750000	250.000000	33.060837	29.148426	20.000000	0.000000	141.800003	29.148426	28.219147	26.876883	0.485000	
01:50.73	245.250000	250.000000	31.464642	29.096790	20.000000	0.000000	141.800003	29.096790	28.219147	26.876883	0.485000	
01:51.73	244.750000	250.000000	29.421753	29.148426	20.000000	0.000000	141.800003	29.148426	28.219147	26.876883	0.485000	
01:52.73	244.312500	250.000000	27.792934	29.148426	20.000000	0.000000	141.800003	29.148426	28.270782	26.876883	0.485000	
01:53.73	244.125000	250.000000	26.586132	29.148426	20.000000	0.000000	141.800003	29.148426	28.219147	26.876883	0.485000	
01:54.73	243.500000	250.000000	24.080875	29.096790	20.000000	0.000000	141.800003	29.096790	28.219147	26.876883	0.485000	
01:55.73	243.062500	250.000000	22.273926	29.148426	20.000000	0.000000	141.800003	29.148426	28.219147	26.876883	0.490000	
01:56.73	242.875000	250.000000	20.909019	29.148426	20.000000	0.000000	141.800003	29.148426	28.219147	26.876883	0.490000	
01:57.73	242.437500	250.000000	18.496769	29.148426	20.000000	0.000000	141.800003	29.148426	28.219147	26.876883	0.490000	
01:58.73	242.312500	250.000000	17.151669	29.148426	20.000000	0.000000	141.800003	29.148426	28.219147	26.876883	0.490000	
01:59.73	241.812500	250.000000	14.592760	29.148426	20.000000	0.000000	141.800003	29.148426	28.270782	26.876883	0.490000	
02:00.73	241.500000	250.000000	12.816084	29.148426	20.000000	0.000000	141.800003	29.148426	28.270782	26.876883	0.485000	
02:01.73	240.687500	250.000000	9.990002	29.148426	20.000000	0.000000	141.800003	29.148426	28.270782	26.876883	0.490000	
02:02.73	241.062500	250.000000	8.800980	29.148426	20.000000	0.000000	141.800003	29.148426	28.270782	26.876883	0.485000	
02:03.73	240.875000	250.000000	7.138672	29.148426	20.000000	0.000000	141.800003	29.148426	28.270782	26.876883	0.490000	
02:04.73	240.875000	250.000000	5.879425	29.148426	20.000000	0.000000	141.800003	29.148426	28.270782	26.876883	0.490000	
02:05.73	240.750000	250.000000	3.718559	29.148426	20.000000	0.000000	141.800003	29.148426	28.270782	26.876883	0.490000	
02:06.73	240.875000	250.000000	2.639191	29.148426	20.000000	0.000000	141.800003	29.148426	28.270782	26.876883	0.485000	
02:07.73	240.875000	250.000000	0.674170	29.148426	20.000000	0.000000	141.800003	29.148426	28.270782	26.876883	0.485000	
02:08.73	240.687500	250.000000	0.000000	29.148426	20.000000	0.000000	141.800003	29.148426	28.270782	26.876883	0.490000	
02:09.73	240.750000	250.000000	0.000000	29.148426	20.000000	0.000000	141.800003	29.148426	28.270782	26.876883	0.490000	
02:10.73	240.562500	250.000000	0.000000	29.148426	20.000000	0.000000	141.800003	29.148426	28.322399	26.876883	0.490000	
02:11.73	240.750000	250.000000	0.000000	29.148426	20.000000	0.000000	141.800003	29.148426	28.270782	26.876883	0.490000	
02:12.73	241.187500	250.000000	0.000000	29.148426	20.000000	0.000000	141.800003	29.148426	28.270782	26.876883	0.490000	
02:13.73	241.062500	250.000000	0.000000	29.148426	20.000000	0.000000	141.800003	29.148426	28.322399	26.876883	0.485000	
02:14.73	241.187500	250.000000	0.000000	29.148426	20.000000	0.000000	141.800003	29.148426	28.322399	26.876883	0.490000	
02:15.73	241.500000	250.000000	0.000000	29.148426	20.000000	0.000000	141.800003	29.148426	28.322399	26.928497	0.485000	
02:16.73	241.687500	250.000000	0.000000	29.148426	20.000000	0.000000	141.759995	29.148426	28.322399	26.928497	0.485000	
02:17.72	242.000000	250.000000	0.332207	29.148426	20.000000	0.000000	141.800003	29.148426	28.322399	26.928497	0.485000	
02:18.73	242.562500	250.000000	0.000000	29.148426	20.000000	0.000000	141.800003	29.148426	28.322399	26.928497	0.485000	
02:19.73	242.937500	250.000000	0.637370	29.148426	20.000000	0.000000	141.759995	29.148426	28.322399	26.928497	0.485000	
02:20.72	243.500000	250.000000	0.775345	29.148426	20.000000	0.000000	141.759995	29.148426	28.322399	26.928497	0.485000	
02:21.73	244.750000	250.000000	2.002570	29.148426	20.000000	0.000000	141.759995	29.148426	28.322399	26.928497	0.485000	
02:22.72	245.687500	250.000000	3.154578	29.148426	20.000000	0.000000	141.759995	29.148426	28.322399	26.928497	0.485000	
02:23.73	246.812500	250.000000	4.847671	29.148426	20.000000	0.000000	141.759995	29.148426	28.322399	26.928497	0.485000	
02:24.73	248.500000	250.000000	7.640289	29.148426	20.000000	0.000000	141.759995	29.148426	28.322399	26.928497	0.485000	
02:25.73	249.125000	250.000000	8.698090	29.148426	20.000000	0.000000	141.759995	29.148426	28.322399	26.928497	0.490000	
02:26.73	250.625015	250.000000	11.609552	29.148426	20.000000	0.000000	141.759995	29.148426	28.322399	26.928497	0.490000	
02:27.73	251.500015	250.000000	13.472239	29.148426	20.000000	0.000000	141.759995	29.148426	28.322399	26.928497	0.485000	
02:28.72	252.312515	250.000000	15.326796	29.148426	20.000000	0.000000	141.759995	29.148426	28.322399	26.980133	0.485000	
02:29.73	253.437485	250.000000	18.134531	29.148426	20.000000	0.000000	141.759995	29.148426	28.322399	26.980133	0.490000	
02:30.72	254.187500	250.000000	20.160847	29.148426	20.000000	0.000000	141.759995	29.148426	28.322399	26.980133	0.490000	
02:31.72	254.687485	250.000000	21.774080	29.148426	20.000000	0.000000	141.759995	29.148426	28.322399	26.980133	0.490000	
02:32.73	255.750000	250.000000	24.998934	29.148426	20.000000	0.000000	141.759995	29.148426	28.322399	26.980133	0.490000	
02:33.73	256.250000	250.000000	26.767366	29.200043	20.000000	0.000000	141.759995	29.200043	28.322399	26.980133	0.490000	
02:34.72	256.812500	250.000000	28.862511	29.200043	20.000000	0.000000	141.759995	29.200043	28.322399	26.980133	0.490000	
02:35.72	257.625000	250.000000	32.156017	29.200043	20.000000	0.000000	141.759995	29.200043	28.374033	26.980133	0.490000	
02:36.72	257.812500	250.000000	33.566662	29.148426	20.000000	0.000000	141.759995	29.148426	28.374033	26.980133	0.490000	
02:37.72	258.437500	250.000000	36.535679	29.200043	20.000000	0.000000	141.759995	29.200043	28.374033	26.980133	0.490000	
02:38.72	258.875000	250.000000	38.581074	29.148426	20.000000	0.000000	141.759995	29.148426	28.374033	26.980133	0.490000	
02:39.72	259.000000	250.000000	40.109894	29.148426	20.000000	0.000000	141.759995	29.148426	28.374033	26.980133	0.490000	
02:40.72	259.000000	250.000000	42.019249	29.148426	20.000000	0.000000	141.759995	29.148426	28.374033	26.980133	0.490000	
02:41.72	259.000000	250.000000	43.294468	29.148426	20.000000	0.000000	141.759995	29.148426	28.374033	26.980133	0.490000	
02:42.72	259.062500	250.000000	45.293076	29.148426	20.000000	0.000000	141.759995	29.148426	28.374033	26.980133	0.490000	
02:43.72	258.750000	250.000000	45.911152	29.148426	20.000000	0.000000	141.759995	29.148426	28.374033	26.980133	0.490000	
02:44.72	258.687500	250.000000	47.101601	29.148426	20.000000	0.000000	141.759995	29.148426	28.374033	26.980133	0.490000	
02:45.72	258.562500	250.000000	48.078228	29.148426	20.000000	0.000000	141.759995	29.148426	28.374033	26.980133	0.490000	
02:46.72	258.250000	250.000000	49.280567	29.148426	20.000000	0.000000	141.759995	29.148426	28.374033	26.980133	0.490000	
02:47.72	257.812500	250.000000	49.504211	29.148426	20.000000	0.000000	141.759995	29.148426	28.374033	26.980133	0.490000	
02:48.73	257.437500	250.000000	50.405880	29.148426	20.000000	0.000000	141.759995	29.148426	28.374033	26.980133	0.490000	
02:49.73	257.000000	250.000000	50.573372	28.632153	20.000000	0.000000	141.759995	28.632153	28.374033	26.980133	0.485000	
02:50.72	256.687500	250.000000	50.919006	29.096790	20.000000	0.000000	141.759995	29.096790	28.374033	26.980133	0.485000	
02:51.72	256.500000	250.000000	51.960373	29.148426	20.000000	0.000000	141.759995	29.148426	28.374033	26.980133	0.490000	
02:52.72	256.187500	250.000000	52.197048	29.148426	20.000000	0.000000	141.759995	29.148426	28.374033	26.980133	0.485000	
02:53.72	255.750000	250.000000	52.206768	29.148426	20.000000	0.000000	141.759995	29.148426	28.374033	26.980133	0.490000	
02:54.72	255.312500	250.000000	52.527828	29.148426	20.000000	0.000000	141.759995	29.148426	28.374033	26.980133	0.485000	
02:55.72	255.000000	250.000000	52.648079	29.200043	20.000000	0.000000	141.759995	29.200043	28.374033	26.980133	0.485000	
02:56.72	254.687485	250.000000	52.720581	29.200043	20.000000	0.000000	141.759995	29.200043	28.374033	26.980133	0.490000	
02:57.72	254.062500	250.000000	52.420269	29.200043	20.000000	0.000000	141.759995	29.200043	28.374033	26.980133	0.485000	
02:58.72	253.874985	250.000000	52.622021	29.200043	20.000000	0.000000	141.759995	29.200043	28.374033	26.980133	0.490000	
02:59.72	253.125015	250.000000	51.892651	29.200043	20.000000	0.000000	141.759995	29.200043	28.374033	26.980133	0.490000	
03:00.72	252.437500	250.000000	50.931995	29.200043	20.000000	0.000000	141.759995	29.200043	28.374033	26.980133	0.485000	
03:01.72	252.187485	250.000000	50.750496	29.251657	20.000000	0.000000	141.759995	29.251657	28.374033	26.980133	0.490000	
03:02.72	251.187500	250.000000	49.115208	29.251657	20.000000	0.000000	141.759995	29.251657	28.425650	26.980133	0.490000	
03:03.72	250.437500	250.000000	47.764397	29.200043	20.000000	0.000000	141.759995	29.200043	28.425650	26.980133	0.490000	
03:04.72	250.124985	250.000000	47.179298	29.200043	20.000000	0.000000	141.759995	29.200043	28.374033	27.083385	0.490000	
03:05.72	248.875000	250.000000	44.630005	29.200043	20.000000	0.000000	141.759995	29.200043	28.425650	27.083385	0.490000	
03:06.72	248.500000	250.000000	43.717377	29.148426	20.000000	0.000000	141.759995	29.148426	28.425650	27.083385	0.490000	
03:07.72	247.937500	250.000000	42.361328	29.200043	20.000000	0.000000	141.759995	29.200043	28.425650	27.083385	0.490000	
03:08.72	246.812500	250.000000	39.596947	29.148426	20.000000	0.000000	141.759995	29.148426	28.374033	27.083385	0.490000	
03:09.72	246.375000	250.000000	38.258446	29.200043	20.000000	0.000000	141.759995	29.200043	28.425650	27.083385	0.490000	
03:10.72	245.687500	250.000000	36.350338	29.148426	20.000000	0.000000	141.759995	29.148426	28.374033	27.083385	0.490000	
03:11.72	245.062500	250.000000	34.154293	29.148426	20.000000	0.000000	141.759995	29.148426	28.374033	27.083385	0.490000	
03:12.72	244.500000	250.000000	32.319042	29.148426	20.000000	0.000000	141.759995	29.148426	28.425650	27.083385	0.490000	
03:13.72	243.687500	250.000000	29.448593	29.096790	20.000000	0.000000	141.759995	29.096790	28.425650	27.083385	0.490000	
03:14.72	243.187500	250.000000	27.547688	29.096790	20.000000	0.000000	141.759995	29.096790	28.374033	27.083385	0.490000	
03:15.72	242.562500	250.000000	25.315281	29.096790	20.000000	0.000000	141.759995	29.096790	28.374033	27.083385	0.490000	
03:16.72	241.812500	250.000000	22.200279	29.096790	20.000000	0.000000	141.759995	29.096790	28.374033	27.135019	0.485000	
03:17.72	241.375000	250.000000	20.215778	29.096790	20.000000	0.000000	141.759995	29.096790	28.425650	27.135019	0.490000	
03:18.72	241.062500	250.000000	18.305649	29.096790	20.000000	0.000000	141.759995	29.096790	28.425650	27.135019	0.490000	
03:19.72	239.812500	250.000000	13.862011	29.096790	20.000000	0.000000	141.759995	29.096790	28.425650	27.135019	0.485000	
03:20.72	240.250000	250.000000	13.413429	29.148426	20.000000	0.000000	141.720001	29.148426	28.425650	27.135019	0.490000	
03:21.72	239.937500	250.000000	11.396465	29.148426	20.000000	0.000000	141.759995	29.148426	28.425650	27.135019	0.490000	
03:22.72	239.187500	250.000000	7.730902	29.148426	20.000000	0.000000	141.720001	29.148426	28.425650	27.135019	0.485000	
03:23.72	238.875000	250.000000	5.540827	29.148426	20.000000	0.000000	141.720001	29.148426	28.425650	27.135019	0.490000	
03:24.72	238.500000	250.000000	2.422091	29.148426	20.000000	0.000000	141.720001	29.148426	28.425650	27.135019	0.490000	
03:25.97	238.187500	250.000000	0.000000	29.096790	20.000000	0.000000	141.720001	29.096790	28.425650	27.135019	0.490000	
03:26.72	238.187500	250.000000	0.000000	29.096790	20.000000	0.000000	141.720001	29.096790	28.425650	27.135019	0.490000	
03:27.72	237.875000	250.000000	0.000000	29.096790	20.000000	0.000000	141.720001	29.096790	28.425650	27.135019	0.490000	
03:28.72	237.687500	250.000000	0.000000	29.096790	20.000000	0.000000	141.720001	29.096790	28.425650	27.135019	0.490000	
03:29.72	237.875000	250.000000	0.000000	29.045156	20.000000	0.000000	141.720001	29.045156	28.425650	27.135019	0.490000	
03:30.72	237.437500	250.000000	0.000000	29.045156	20.000000	0.000000	141.720001	29.045156	28.425650	27.135019	0.490000	
03:31.72	237.562500	250.000000	0.000000	29.045156	20.000000	0.000000	141.720001	29.045156	28.425650	27.135019	0.490000	
03:32.72	237.437500	250.000000	0.000000	29.045156	20.000000	0.000000	141.720001	29.045156	28.425650	27.135019	0.490000	
03:33.72	237.375000	250.000000	0.000000	29.045156	20.000000	0.000000	141.720001	29.045156	28.425650	27.135019	0.490000	
03:34.72	237.687500	250.000000	0.000000	29.045156	20.000000	0.000000	141.720001	29.045156	28.425650	27.135019	0.490000	
03:35.72	237.562500	250.000000	0.000000	29.045156	20.000000	0.000000	141.720001	29.045156	28.477283	27.135019	0.490000	
03:36.72	237.750000	250.000000	0.000000	29.045156	20.000000	0.000000	136.400009	29.045156	28.425650	27.186636	0.490000	
03:37.72	238.000000	250.000000	0.000000	29.045156	20.000000	0.000000	136.400009	29.045156	28.425650	27.186636	0.490000	
03:38.72	238.000000	250.000000	0.025703	29.045156	20.000000	0.000000	136.400009	29.045156	28.425650	27.186636	0.490000	
03:39.72	238.000000	250.000000	0.000000	29.045156	20.000000	0.000000	136.400009	29.045156	28.425650	27.186636	0.490000	
03:40.72	238.062500	250.000000	0.000000	29.045156	20.000000	0.000000	136.400009	29.045156	28.477283	27.186636	0.490000	
03:41.72	238.375000	250.000000	0.000000	29.045156	20.000000	0.000000	136.400009	29.045156	28.425650	27.186636	0.490000	
03:42.72	238.875000	250.000000	0.000000	29.045156	20.000000	0.000000	136.400009	29.045156	28.477283	27.186636	0.490000	
03:43.72	239.500000	250.000000	0.000000	29.045156	20.000000	0.000000	136.400009	29.045156	28.477283	27.186636	0.490000	
03:44.72	240.062500	250.000000	0.854748	29.045156	20.000000	0.000000	136.400009	29.045156	28.477283	27.186636	0.490000	
03:45.72	240.375000	250.000000	0.013964	29.045156	20.000000	0.000000	136.400009	29.045156	28.425650	27.186636	0.490000	
03:46.72	241.500000	250.000000	1.018145	29.045156	20.000000	0.000000	136.400009	29.045156	28.477283	27.186636	0.490000	
03:47.72	242.625000	250.000000	2.042051	29.045156	20.000000	0.000000	136.400009	29.045156	28.477283	27.186636	0.485000	
03:48.72	243.812500	250.000000	3.473905	29.045156	20.000000	0.000000	136.400009	29.045156	28.477283	27.186636	0.490000	
03:49.72	245.687500	250.000000	6.030828	29.045156	20.000000	0.000000	136.400009	29.045156	28.477283	27.186636	0.490000	
03:50.72	246.812500	250.000000	7.691293	29.045156	20.000000	0.000000	136.400009	29.045156	28.477283	27.186636	0.490000	
03:51.72	247.937500	250.000000	9.334753	29.045156	20.000000	0.000000	136.400009	29.045156	28.477283	27.186636	0.485000	
03:52.72	249.125000	250.000000	11.472220	29.045156	20.000000	0.000000	136.400009	29.045156	28.477283	27.186636	0.490000	
03:53.72	249.937500	250.000000	13.003612	29.045156	20.000000	0.000000	136.400009	29.045156	28.477283	27.186636	0.490000	
03:54.72	251.374985	250.000000	15.973138	29.045156	20.000000	0.000000	136.400009	29.045156	28.477283	27.186636	0.490000	
03:55.72	251.875015	250.000000	17.190844	29.045156	20.000000	0.000000	136.400009	29.045156	28.477283	27.186636	0.490000	
03:56.72	252.500000	250.000000	18.751438	29.045156	20.000000	0.000000	136.400009	29.045156	28.477283	27.186636	0.490000	
03:57.72	253.562515	250.000000	21.485044	29.045156	20.000000	0.000000	136.400009	29.045156	28.477283	27.186636	0.490000	
03:58.72	254.187500	250.000000	23.249908	29.045156	20.000000	0.000000	136.400009	29.045156	28.477283	27.186636	0.490000	
03:59.72	254.625000	250.000000	24.711037	29.096790	20.000000	0.000000	136.400009	29.096790	28.477283	27.186636	0.490000	
04:00.72	255.625015	250.000000	27.790113	29.096790	20.000000	0.000000	136.400009	29.096790	28.477283	27.186636	0.490000	
04:01.72	255.874985	250.000000	29.181698	29.096790	20.000000	0.000000	136.400009	29.096790	28.477283	27.186636	0.490000	
04:02.72	256.500000	250.000000	31.748827	29.096790	20.000000	0.000000	136.400009	29.096790	28.477283	27.186636	0.490000	
04:03.72	256.812500	250.000000	33.306225	29.096790	20.000000	0.000000	136.400009	29.096790	28.477283	27.186636	0.490000	
04:04.72	257.000000	250.000000	34.603092	29.096790	20.000000	0.000000	136.400009	29.096790	28.477283	27.186636	0.490000	
04:05.72	257.187500	250.000000	36.535629	29.096790	20.000000	0.000000	136.400009	29.096790	28.477283	27.186636	0.490000	
04:06.72	257.625000	250.000000	38.508224	29.096790	20.000000	0.000000	136.400009	29.096790	28.477283	27.186636	0.490000	
04:07.72	257.812500	250.000000	39.885971	29.096790	20.000000	0.000000	136.400009	29.096790	28.477283	27.186636	0.490000	
04:08.72	257.750000	250.000000	41.432709	29.148426	20.000000	0.000000	136.400009	29.148426	28.477283	27.186636	0.490000	
04:09.72	259.812500	250.000000	46.691704	29.148426	20.000000	0.000000	136.400009	29.148426	28.477283	27.186636	0.490000	
04:10.72	258.062500	250.000000	44.449757	29.148426	20.000000	0.000000	136.400009	29.148426	28.477283	27.186636	0.490000	
04:11.72	257.750000	250.000000	45.544029	29.148426	20.000000	0.000000	136.400009	29.148426	28.477283	27.186636	0.490000	
04:12.72	257.500000	250.000000	46.037594	29.200043	20.000000	0.000000	136.400009	29.200043	28.477283	27.186636	0.490000	
04:13.72	257.500000	250.000000	47.607597	29.200043	20.000000	0.000000	136.400009	29.200043	28.477283	27.186636	0.490000	
04:14.72	257.000000	250.000000	47.629601	29.200043	20.000000	0.000000	136.400009	29.200043	28.528921	27.186636	0.490000	
04:15.72	256.687500	250.000000	47.998436	29.200043	20.000000	0.000000	136.400009	29.200043	28.477283	27.186636	0.490000	
04:16.72	256.250000	250.000000	48.579079	29.200043	20.000000	0.000000	136.400009	29.200043	28.528921	27.186636	0.490000	
04:17.72	255.937485	250.000000	48.768715	29.200043	20.000000	0.000000	136.400009	29.200043	28.528921	27.186636	0.490000	
04:18.72	255.625015	250.000000	48.989807	29.200043	20.000000	0.000000	136.400009	29.200043	28.528921	27.186636	0.490000	
04:19.72	255.562515	250.000000	49.995014	29.251657	20.000000	0.000000	136.400009	29.251657	28.528921	27.186636	0.490000	
04:20.72	254.937500	250.000000	49.539230	29.251657	20.000000	0.000000	136.400009	29.251657	28.528921	27.186636	0.490000	
04:21.72	254.500000	250.000000	49.653046	29.251657	20.000000	0.000000	136.400009	29.251657	28.528921	27.186636	0.490000	
04:22.72	254.312485	250.000000	49.884136	29.251657	20.000000	0.000000	136.400009	29.251657	28.528921	27.186636	0.490000	
04:23.72	254.000015	250.000000	49.857296	29.303295	20.000000	0.000000	136.400009	29.303295	28.528921	27.186636	0.490000	
04:24.72	253.437485	250.000000	49.537800	29.303295	20.000000	0.000000	136.400009	29.303295	28.528921	27.186636	0.490000	
04:25.72	253.062485	250.000000	49.268108	29.303295	20.000000	0.000000	136.400009	29.303295	28.528921	27.186636	0.490000	
04:26.72	252.812500	250.000000	49.194111	29.303295	20.000000	0.000000	136.400009	29.303295	28.528921	27.135019	0.490000	
04:27.72	252.125000	250.000000	48.393394	29.303295	20.000000	0.000000	136.400009	29.303295	28.528921	27.135019	0.490000	
04:28.72	251.812485	250.000000	48.056644	29.354910	20.000000	0.000000	136.400009	29.354910	28.528921	27.135019	0.490000	
04:29.72	251.500015	250.000000	47.677181	29.354910	20.000000	0.000000	136.400009	29.354910	28.528921	27.135019	0.490000	
04:30.72	250.750000	250.000000	46.438965	29.354910	20.000000	0.000000	136.400009	29.354910	28.528921	27.135019	0.490000	
04:31.72	250.250015	250.000000	45.525494	29.354910	20.000000	0.000000	136.400009	29.354910	28.528921	27.135019	0.490000	
04:32.72	249.937500	250.000000	44.937912	29.354910	20.000000	0.000000	136.360001	29.354910	28.528921	27.135019	0.490000	
04:33.72	249.312500	250.000000	43.638321	29.354910	20.000000	0.000000	136.400009	29.354910	28.528921	27.135019	0.490000	
04:34.72	249.000000	250.000000	42.906540	29.354910	20.000000	0.000000	136.400009	29.354910	28.528921	27.135019	0.490000	
04:35.72	248.250000	250.000000	41.152496	29.354910	20.000000	0.000000	136.400009	29.354910	28.528921	27.135019	0.490000	
04:36.72	247.937500	250.000000	40.273514	29.354910	20.000000	0.000000	136.360001	29.354910	28.580536	27.083385	0.490000	
04:37.73	247.562500	250.000000	39.201420	29.354910	20.000000	0.000000	136.360001	29.354910	28.528921	27.083385	0.490000	
04:38.72	246.625000	250.000000	36.758968	29.406544	20.000000	0.000000	136.400009	29.406544	28.528921	27.083385	0.490000	
04:39.72	246.500000	250.000000	36.037861	29.406544	20.000000	0.000000	136.400009	29.406544	28.528921	27.083385	0.490000	
04:40.72	245.875000	250.000000	34.287548	29.458179	20.000000	0.000000	136.400009	29.458179	28.528921	27.083385	0.490000	
04:41.72	245.375000	250.000000	32.361385	29.458179	20.000000	0.000000	136.360001	29.458179	28.580536	27.083385	0.490000	
04:42.72	244.812500	250.000000	30.550270	29.458179	20.000000	0.000000	136.360001	29.458179	28.580536	27.083385	0.490000	
04:43.72	244.812500	250.000000	29.820557	29.458179	20.000000	0.000000	136.360001	29.458179	28.580536	27.083385	0.490000	
04:44.72	244.187500	250.000000	27.405239	29.458179	20.000000	0.000000	136.360001	29.458179	28.580536	27.083385	0.490000	
04:45.72	243.812500	250.000000	25.829865	29.458179	20.000000	0.000000	136.360001	29.458179	28.580536	27.083385	0.490000	
04:46.72	243.562500	250.000000	24.467499	29.509796	20.000000	0.000000	136.400009	29.509796	28.580536	27.083385	0.490000	
04:47.72	243.187500	250.000000	22.103172	29.509796	20.000000	0.000000	136.360001	29.509796	28.580536	27.083385	0.490000	
04:48.72	242.875000	250.000000	20.507057	29.509796	20.000000	0.000000	136.360001	29.509796	28.580536	27.083385	0.490000	
04:49.72	242.437500	250.000000	18.113251	29.509796	20.000000	0.000000	136.360001	29.509796	28.580536	27.083385	0.490000	
04:50.72	242.250000	250.000000	16.684483	29.509796	20.000000	0.000000	136.400009	29.509796	28.580536	27.083385	0.490000	
04:51.72	241.937500	250.000000	14.952938	29.509796	20.000000	0.000000	136.360001	29.509796	28.580536	27.083385	0.490000	
04:52.72	241.625000	250.000000	12.593153	29.509796	20.000000	0.000000	136.360001	29.509796	28.580536	27.135019	0.490000	
04:53.72	241.625000	250.000000	11.404238	29.458179	20.000000	0.000000	136.360001	29.458179	28.580536	27.135019	0.490000	
04:54.72	241.375000	250.000000	9.732521	29.458179	20.000000	0.000000	136.360001	29.458179	28.580536	27.135019	0.490000	
04:55.72	240.875000	250.000000	6.884817	29.458179	20.000000	0.000000	136.360001	29.458179	28.580536	27.135019	0.490000	
04:56.71	240.687500	250.000000	5.204151	29.509796	20.000000	0.000000	136.360001	29.509796	28.580536	27.135019	0.490000	
04:57.71	240.687500	250.000000	3.204866	29.509796	20.000000	0.000000	136.360001	29.509796	28.580536	27.135019	0.490000	
04:58.72	240.687500	250.000000	1.883940	29.509796	20.000000	0.000000	136.360001	29.509796	28.580536	27.135019	0.490000	
04:59.71	240.375000	250.000000	0.000000	29.509796	20.000000	0.000000	136.360001	29.509796	28.580536	27.135019	0.490000	
05:00.72	240.250000	250.000000	0.000000	29.509796	20.000000	0.000000	136.360001	29.509796	28.580536	27.135019	0.490000	
05:01.72	240.125000	250.000000	0.000000	29.509796	20.000000	0.000000	136.360001	29.509796	28.580536	27.135019	0.490000	
05:02.72	240.375000	250.000000	0.021585	29.509796	20.000000	0.000000	136.360001	29.509796	28.580536	27.135019	0.490000	
05:03.72	240.125000	250.000000	0.000000	29.509796	20.000000	0.000000	136.360001	29.509796	28.580536	27.135019	0.490000	
05:04.72	240.125000	250.000000	0.000000	29.509796	20.000000	0.000000	136.360001	29.509796	28.580536	27.135019	0.490000	
05:05.72	240.062500	250.000000	0.000000	29.509796	20.000000	0.000000	136.360001	29.509796	28.580536	27.135019	0.490000	
05:06.72	240.375000	250.000000	0.374142	29.509796	20.000000	0.000000	136.360001	29.509796	28.580536	27.135019	0.490000	
05:07.72	240.375000	250.000000	0.000000	29.509796	20.000000	0.000000	136.360001	29.509796	28.580536	27.083385	0.490000	
05:08.71	240.875000	250.000000	0.206194	29.509796	20.000000	0.000000	136.360001	29.509796	28.580536	27.083385	0.490000	
05:09.72	240.750000	250.000000	0.000000	29.509796	20.000000	0.000000	136.360001	29.509796	28.580536	27.083385	0.490000	
05:10.72	241.187500	250.000000	0.000000	29.509796	20.000000	0.000000	136.360001	29.509796	28.580536	27.083385	0.490000	
05:11.72	241.687500	250.000000	0.258505	29.509796	20.000000	0.000000	136.360001	29.509796	28.632153	27.083385	0.490000	
05:12.71	242.250000	250.000000	0.211010	29.509796	20.000000	0.000000	136.360001	29.509796	28.632153	27.083385	0.490000	
05:13.72	242.250000	250.000000	0.000000	29.509796	20.000000	0.000000	136.360001	29.509796	28.580536	27.083385	0.490000	
05:14.71	243.062500	250.000000	0.576660	29.509796	20.000000	0.000000	136.360001	29.509796	28.632153	27.083385	0.490000	
05:15.71	243.812500	250.000000	1.106537	29.509796	20.000000	0.000000	136.360001	29.509796	28.632153	27.135019	0.490000	
05:16.71	244.812500	250.000000	2.220340	29.509796	20.000000	0.000000	136.360001	29.509796	28.632153	27.135019	0.490000	
05:17.72	246.375000	250.000000	4.382824	29.509796	20.000000	0.000000	136.360001	29.509796	28.632153	27.135019	0.490000	
05:18.71	247.437500	250.000000	6.021591	29.509796	20.000000	0.000000	136.360001	29.509796	28.632153	27.135019	0.490000	
05:19.71	248.375000	250.000000	7.579800	29.509796	20.000000	0.000000	136.360001	29.509796	28.632153	27.135019	0.490000	
05:20.71	249.812500	250.000000	10.230125	29.509796	20.000000	0.000000	136.360001	29.509796	28.632153	27.135019	0.490000	
05:21.72	250.625015	250.000000	11.875776	29.509796	20.000000	0.000000	136.360001	29.509796	28.632153	27.135019	0.485000	
05:22.71	251.875015	250.000000	14.622267	29.509796	20.000000	0.000000	136.360001	29.509796	28.632153	27.135019	0.490000	
05:23.71	252.437500	250.000000	15.991984	29.509796	20.000000	0.000000	136.360001	29.509796	28.632153	27.135019	0.490000	
05:24.71	255.562515	250.000000	22.616892	29.509796	20.000000	0.000000	136.360001	29.509796	28.632153	27.135019	0.490000	
05:25.72	254.062500	250.000000	20.503077	29.509796	20.000000	0.000000	136.360001	29.509796	28.632153	27.135019	0.490000	
05:26.72	254.625000	250.000000	22.239605	29.509796	20.000000	0.000000	136.360001	29.509796	28.632153	27.135019	0.490000	
05:27.72	255.000000	250.000000	23.657410	29.509796	20.000000	0.000000	136.360001	29.509796	28.632153	27.135019	0.490000	
05:28.71	256.687500	250.000000	28.216955	29.509796	20.000000	0.000000	136.360001	29.509796	28.632153	27.135019	0.490000	
05:29.71	256.500000	250.000000	28.755760	29.509796	20.000000	0.000000	136.360001	29.509796	28.632153	27.135019	0.490000	
05:30.71	257.312500	250.000000	31.740511	29.509796	20.000000	0.000000	136.360001	29.509796	28.632153	27.135019	0.490000	
05:31.71	257.437500	250.000000	33.038799	29.509796	20.000000	0.000000	136.360001	29.509796	28.632153	27.135019	0.490000	
05:32.71	257.500000	250.000000	34.183094	29.561411	20.000000	0.000000	136.360001	29.561411	28.632153	27.135019	0.490000	
05:33.71	258.125000	250.000000	37.108868	29.561411	20.000000	0.000000	136.360001	29.561411	28.632153	27.135019	0.490000	
05:34.71	258.250000	250.000000	38.515263	29.561411	20.000000	0.000000	136.360001	29.561411	28.632153	27.135019	0.490000	
05:35.72	258.437500	250.000000	40.069073	29.613049	20.000000	0.000000	136.360001	29.613049	28.632153	27.135019	0.490000	
05:36.71	258.437500	250.000000	41.871502	29.613049	20.000000	0.000000	136.360001	29.613049	28.632153	27.135019	0.490000	
05:37.71	258.562500	250.000000	43.297604	29.613049	20.000000	0.000000	136.360001	29.613049	28.683786	27.186636	0.490000	
05:38.71	258.437500	250.000000	44.277805	29.613049	20.000000	0.000000	136.360001	29.613049	28.632153	27.186636	0.490000	
05:39.71	258.750000	250.000000	46.744267	29.613049	20.000000	0.000000	136.360001	29.613049	28.632153	27.186636	0.490000	
05:40.71	258.437500	250.000000	47.329998	29.613049	20.000000	0.000000	136.360001	29.613049	28.632153	27.186636	0.490000	
05:41.72	258.250000	250.000000	48.124969	29.613049	20.000000	0.000000	136.360001	29.613049	28.632153	27.186636	0.490000	
05:42.71	257.750000	250.000000	48.807903	29.613049	20.000000	0.000000	136.360001	29.613049	28.632153	27.186636	0.495000	
05:43.71	257.500000	250.000000	49.403458	29.613049	20.000000	0.000000	136.360001	29.613049	28.632153	27.186636	0.490000	
05:44.71	257.000000	250.000000	49.956734	29.613049	20.000000	0.000000	136.360001	29.613049	28.632153	27.186636	0.490000	
05:45.71	256.562500	250.000000	50.036419	29.613049	20.000000	0.000000	136.360001	29.613049	28.632153	27.186636	0.490000	
05:46.71	256.062500	250.000000	49.969730	29.613049	20.000000	0.000000	136.360001	29.613049	28.632153	27.186636	0.490000	
05:47.71	255.874985	250.000000	50.835342	29.613049	20.000000	0.000000	136.360001	29.613049	28.632153	27.186636	0.490000	
05:48.71	255.437500	250.000000	50.820816	29.613049	20.000000	0.000000	136.360001	29.613049	28.632153	27.186636	0.490000	
05:49.71	255.124985	250.000000	50.973713	29.613049	20.000000	0.000000	136.360001	29.613049	28.683786	27.186636	0.490000	
05:50.71	254.500000	250.000000	50.759708	29.664663	20.000000	0.000000	136.360001	29.664663	28.632153	27.186636	0.490000	
05:51.71	254.187500	250.000000	50.740505	29.664663	20.000000	0.000000	136.360001	29.664663	28.632153	27.135019	0.490000	
05:52.71	254.062500	250.000000	51.076023	29.664663	20.000000	0.000000	136.360001	29.664663	28.683786	27.135019	0.490000	
05:53.71	253.375000	250.000000	50.495064	29.664663	20.000000	0.000000	136.360001	29.664663	28.683786	27.135019	0.490000	
05:54.71	253.062485	250.000000	50.328274	29.716318	20.000000	0.000000	136.360001	29.716318	28.632153	27.135019	0.490000	
05:55.71	252.812500	250.000000	50.243256	29.716318	20.000000	0.000000	136.360001	29.716318	28.683786	27.135019	0.490000	
05:56.71	252.187485	250.000000	49.566986	29.716318	20.000000	0.000000	136.360001	29.716318	28.683786	27.135019	0.490000	
05:57.71	251.687500	250.000000	48.865383	29.716318	20.000000	0.000000	159.199997	29.716318	28.683786	27.135019	0.490000	
05:58.71	250.937485	250.000000	47.696106	29.716318	20.000000	0.000000	189.240005	29.716318	28.683786	27.135019	0.490000	
05:59.71	250.562485	250.000000	47.072998	29.716318	20.000000	0.000000	204.800003	29.716318	28.683786	27.135019	0.490000	
06:00.71	250.000000	250.000000	46.003185	29.716318	20.000000	0.000000	204.800003	29.716318	28.683786	27.186636	0.490000	
06:01.71	249.812500	250.000000	45.623592	29.716318	20.000000	0.000000	204.800003	29.716318	28.683786	27.186636	0.490000	
06:02.71	249.125000	250.000000	44.139038	29.716318	20.000000	0.000000	204.800003	29.716318	28.683786	27.186636	0.490000	
06:03.71	248.500000	250.000000	42.735706	29.716318	20.000000	0.000000	204.800003	29.716318	28.683786	27.186636	0.490000	
06:04.71	247.937500	250.000000	41.258156	29.767933	20.000000	0.000000	204.800003	29.767933	28.683786	27.186636	0.490000	
06:05.71	247.625000	250.000000	40.330841	29.767933	20.000000	0.000000	204.800003	29.767933	28.683786	27.186636	0.490000	
06:06.71	247.125000	250.000000	38.972282	29.767933	20.000000	0.000000	204.800003	29.767933	28.683786	27.186636	0.490000	
06:07.71	246.375000	250.000000	36.794094	29.767933	20.000000	0.000000	204.800003	29.767933	28.683786	27.186636	0.490000	
06:08.71	246.187500	250.000000	35.886467	29.819550	20.000000	0.000000	204.800003	29.819550	28.683786	27.186636	0.490000	
06:09.71	245.750000	250.000000	34.488064	29.767933	20.000000	0.000000	204.800003	29.767933	28.683786	27.186636	0.490000	
06:10.71	245.125000	250.000000	32.236660	29.819550	20.000000	0.000000	204.800003	29.819550	28.683786	27.186636	0.490000	
06:11.71	244.750000	250.000000	30.784439	29.819550	20.000000	0.000000	204.800003	29.819550	28.683786	27.186636	0.490000	
06:12.71	244.500000	250.000000	29.531906	29.767933	20.000000	0.000000	204.800003	29.767933	28.683786	27.186636	0.490000	
06:13.71	244.125000	250.000000	27.549980	29.767933	20.000000	0.000000	204.800003	29.767933	28.683786	27.289886	0.490000	
06:14.71	244.000000	250.000000	26.473186	29.767933	20.000000	0.000000	204.800003	29.767933	28.683786	27.289886	0.490000	
06:15.71	243.687500	250.000000	24.556625	29.819550	20.000000	0.000000	204.800003	29.819550	28.683786	27.289886	0.490000	
06:16.71	242.750000	250.000000	21.818272	29.767933	20.000000	0.000000	204.800003	29.767933	28.683786	27.289886	0.490000	
06:17.71	243.062500	250.000000	21.393303	29.767933	20.000000	0.000000	204.800003	29.767933	28.683786	27.289886	0.490000	
06:18.81	242.937500	250.000000	20.220524	29.767933	20.000000	0.000000	204.800003	29.767933	28.683786	27.289886	0.490000	
06:19.71	242.312500	250.000000	17.417233	29.767933	20.000000	0.000000	204.800003	29.767933	28.683786	27.289886	0.490000	
06:20.71	242.437500	250.000000	16.593666	29.767933	20.000000	0.000000	204.800003	29.767933	28.735403	27.289886	0.490000	
06:21.71	242.250000	250.000000	14.640810	29.767933	20.000000	0.000000	204.800003	29.767933	28.735403	27.289886	0.490000	
06:22.71	242.000000	250.000000	13.029945	29.819550	20.000000	0.000000	204.800003	29.819550	28.735403	27.289886	0.490000	
06:23.71	242.250000	250.000000	12.407722	29.767933	20.000000	0.000000	204.800003	29.767933	28.735403	27.289886	0.490000	
06:24.71	241.937500	250.000000	10.030117	29.767933	20.000000	0.000000	204.800003	29.767933	28.735403	27.289886	0.490000	
06:25.71	242.000000	250.000000	9.019615	29.767933	20.000000	0.000000	204.800003	29.767933	28.735403	27.289886	0.490000	
06:26.71	241.812500	250.000000	6.921206	29.767933	20.000000	0.000000	204.839996	29.767933	28.735403	27.186636	0.490000	
06:27.71	242.000000	250.000000	6.125303	29.716318	20.000000	0.000000	204.839996	29.716318	28.735403	27.186636	0.490000	
06:28.71	242.000000	250.000000	5.015905	29.664663	20.000000	0.000000	204.839996	29.664663	28.735403	27.186636	0.490000	
06:29.71	242.250000	250.000000	3.869307	29.664663	20.000000	0.000000	204.839996	29.664663	28.735403	27.186636	0.490000	
06:30.71	242.312500	250.000000	2.900232	29.716318	20.000000	0.000000	204.839996	29.716318	28.735403	27.186636	0.490000	
06:31.71	242.875000	250.000000	2.423475	29.716318	20.000000	0.000000	204.839996	29.716318	28.787037	27.186636	0.490000	
06:32.71	242.937500	250.000000	1.513988	29.716318	20.000000	0.000000	204.839996	29.716318	28.735403	27.186636	0.495000	
06:33.71	243.187500	250.000000	1.054643	29.767933	20.000000	0.000000	204.839996	29.767933	28.787037	27.186636	0.495000	
06:34.71	243.812500	250.000000	0.889117	29.767933	20.000000	0.000000	204.839996	29.767933	28.787037	27.186636	0.490000	
06:35.71	244.437500	250.000000	1.291137	29.767933	20.000000	0.000000	204.839996	29.767933	28.787037	27.186636	0.490000	
06:36.72	245.375000	250.000000	2.412999	29.767933	20.000000	0.000000	204.839996	29.767933	28.787037	27.186636	0.490000	
06:37.71	247.312500	250.000000	5.440723	29.767933	20.000000	0.000000	204.839996	29.767933	28.787037	27.186636	0.490000	
06:38.71	248.687500	250.000000	7.863519	29.716318	20.000000	0.000000	204.839996	29.716318	28.787037	27.186636	0.495000	
06:39.71	249.812500	250.000000	9.959603	29.716318	20.000000	0.000000	204.839996	29.716318	28.787037	27.289886	0.490000	
06:40.71	251.562500	250.000000	13.533606	29.716318	20.000000	0.000000	204.839996	29.716318	28.787037	27.289886	0.490000	
06:41.71	252.500000	250.000000	15.678762	29.716318	20.000000	0.000000	204.839996	29.716318	28.787037	27.289886	0.490000	
06:42.71	253.437485	250.000000	17.938379	29.767933	20.000000	0.000000	204.839996	29.767933	28.787037	27.289886	0.490000	
06:43.71	255.000000	250.000000	21.871420	29.767933	20.000000	0.000000	204.880005	29.767933	28.787037	27.289886	0.490000	
06:44.71	255.874985	250.000000	24.363083	29.767933	20.000000	0.000000	204.880005	29.767933	28.787037	27.289886	0.490000	
06:45.71	257.187500	250.000000	28.327248	29.767933	20.000000	0.000000	204.880005	29.767933	28.787037	27.289886	0.490000	
06:46.71	259.187500	250.000000	33.327717	29.767933	20.000000	0.000000	204.880005	29.767933	28.787037	27.289886	0.490000	
06:47.71	258.875000	250.000000	33.903214	29.767933	20.000000	0.000000	204.880005	29.767933	28.787037	27.289886	0.490000	
06:48.71	259.937500	250.000000	37.970490	29.767933	20.000000	0.000000	204.880005	29.767933	28.787037	27.289886	0.490000	
06:49.71	260.312500	250.000000	40.235867	29.767933	20.000000	0.000000	204.880005	29.767933	28.787037	27.289886	0.490000	
06:50.71	261.062500	250.000000	43.915596	29.767933	20.000000	0.000000	204.880005	29.767933	28.838675	27.289886	0.490000	
06:51.71	261.562500	250.000000	46.556999	29.767933	20.000000	0.000000	204.880005	29.767933	28.838675	27.289886	0.490000	
06:52.71	261.562500	250.000000	48.163177	29.767933	20.000000	0.000000	204.880005	29.767933	28.787037	27.289886	0.490000	
06:53.71	261.812500	250.000000	51.122684	29.767933	20.000000	0.000000	204.920013	29.767933	28.787037	27.289886	0.490000	
06:54.72	261.875000	250.000000	53.016270	29.767933	20.000000	0.000000	204.880005	29.767933	28.838675	27.289886	0.490000	
06:55.72	262.062500	250.000000	55.063728	29.767933	20.000000	0.000000	204.920013	29.767933	28.838675	27.289886	0.490000	
06:56.71	261.687500	250.000000	56.789440	29.767933	20.000000	0.000000	204.920013	29.767933	28.838675	27.289886	0.490000	
06:57.71	261.187500	250.000000	57.374603	29.767933	20.000000	0.000000	204.920013	29.767933	28.838675	27.289886	0.490000	
06:58.71	260.750000	250.000000	58.168613	29.767933	20.000000	0.000000	204.920013	29.767933	28.838675	27.289886	0.490000	
06:59.71	260.125000	250.000000	59.158253	29.767933	20.000000	0.000000	204.920013	29.767933	28.838675	27.289886	0.490000	
07:00.71	259.625000	250.000000	59.552864	29.767933	20.000000	0.000000	204.920013	29.767933	28.838675	27.289886	0.490000	
07:01.71	259.187500	250.000000	60.629345	29.767933	20.000000	0.000000	204.920013	29.767933	28.838675	27.289886	0.490000	
07:02.71	258.750000	250.000000	61.014954	29.767933	20.000000	0.000000	204.920013	29.767933	28.838675	27.289886	0.495000	
07:03.71	258.250000	250.000000	61.249996	29.767933	20.000000	0.000000	204.920013	29.767933	28.838675	27.289886	0.490000	
07:04.72	257.500000	250.000000	61.439827	29.767933	20.000000	0.000000	204.920013	29.767933	28.838675	27.289886	0.495000	
07:05.71	257.187500	250.000000	61.931076	29.767933	20.000000	0.000000	204.920013	29.767933	28.838675	27.289886	0.490000	
07:06.71	256.687500	250.000000	61.908443	29.767933	20.000000	0.000000	204.920013	29.767933	28.838675	27.289886	0.495000	
07:07.72	255.874985	250.000000	61.658463	29.767933	20.000000	0.000000	204.920013	29.767933	28.838675	27.289886	0.490000	
07:08.72	255.250000	250.000000	61.244987	29.767933	20.000000	0.000000	204.920013	29.767933	28.838675	27.289886	0.495000	
07:09.72	254.500000	250.000000	60.434479	29.767933	20.000000	0.000000	204.920013	29.767933	28.838675	27.289886	0.495000	
07:10.72	253.562515	250.000000	59.504517	29.767933	20.000000	0.000000	204.920013	29.767933	28.838675	27.341522	0.495000	
07:11.71	252.500000	250.000000	57.822693	29.767933	20.000000	0.000000	204.920013	29.767933	28.838675	27.341522	0.495000	
07:12.72	251.687500	250.000000	56.530807	29.767933	20.000000	0.000000	204.920013	29.767933	28.838675	27.341522	0.495000	
07:13.71	247.625000	250.000000	48.611732	29.767933	20.000000	0.000000	204.920013	29.767933	28.838675	27.341522	0.490000	
07:14.71	248.062500	250.000000	49.232697	29.767933	20.000000	0.000000	204.920013	29.767933	28.890289	27.341522	0.490000	
07:15.72	245.875000	250.000000	44.514614	29.767933	20.000000	0.000000	204.920013	29.767933	28.838675	27.341522	0.490000	
07:16.72	242.437500	250.000000	36.444832	29.819550	20.000000	0.000000	204.920013	29.819550	28.890289	27.341522	0.490000	
07:17.71	240.375000	250.000000	31.225105	29.819550	20.000000	0.000000	204.960007	29.819550	28.890289	27.341522	0.495000	
07:18.71	238.375000	250.000000	25.687382	29.819550	20.000000	0.000000	204.960007	29.819550	28.890289	27.341522	0.490000	
07:19.72	235.687500	250.000000	17.656097	29.767933	20.000000	0.000000	204.960007	29.767933	28.890289	27.341522	0.490000	
07:20.71	234.562500	250.000000	13.378815	29.767933	20.000000	0.000000	204.960007	29.767933	28.838675	27.341522	0.490000	
07:21.72	232.750000	250.000000	6.327412	29.767933	20.000000	0.000000	204.960007	29.767933	28.890289	27.341522	0.490000	
07:22.72	231.625000	250.000000	1.627403	29.767933	20.000000	0.000000	204.960007	29.767933	28.890289	27.341522	0.490000	
07:23.72	231.000000	250.000000	0.000000	29.767933	20.000000	0.000000	204.960007	29.767933	28.890289	27.341522	0.490000	
07:24.72	230.250000	250.000000	0.000000	29.767933	20.000000	0.000000	204.960007	29.767933	28.890289	27.341522	0.490000	
07:25.72	229.750000	250.000000	0.000000	29.767933	20.000000	0.000000	204.960007	29.767933	28.890289	27.341522	0.490000	
07:26.72	229.125000	250.000000	0.000000	29.767933	20.000000	0.000000	204.960007	29.767933	28.890289	27.341522	0.490000	
07:27.72	229.000000	250.000000	0.000000	29.767933	20.000000	0.000000	204.960007	29.767933	28.890289	27.341522	0.490000	
07:28.72	228.937500	250.000000	0.000000	29.819550	20.000000	0.000000	204.960007	29.819550	28.890289	27.341522	0.490000	
07:29.72	228.937500	250.000000	0.000000	29.819550	20.000000	0.000000	204.960007	29.819550	28.890289	27.341522	0.490000	
07:30.72	228.812500	250.000000	0.000000	29.819550	20.000000	0.000000	204.960007	29.819550	28.890289	27.341522	0.490000	
07:31.72	229.125000	250.000000	0.230583	29.819550	20.000000	0.000000	204.960007	29.819550	28.890289	27.341522	0.490000	
07:32.72	229.125000	250.000000	0.000000	29.819550	20.000000	0.000000	204.960007	29.819550	28.890289	27.341522	0.495000	
07:33.72	229.437500	250.000000	0.081757	29.819550	20.000000	0.000000	204.960007	29.819550	28.890289	27.341522	0.495000	
07:34.72	229.750000	250.000000	0.000000	29.819550	20.000000	0.000000	204.960007	29.819550	28.941906	27.393139	0.490000	
07:35.72	230.062500	250.000000	0.356171	29.819550	20.000000	0.000000	204.960007	29.819550	28.890289	27.393139	0.495000	
07:36.72	230.250000	250.000000	0.000000	29.819550	20.000000	0.000000	204.960007	29.819550	28.890289	27.393139	0.495000	
07:37.72	231.187500	250.000000	0.070786	29.819550	20.000000	0.000000	204.960007	29.819550	28.890289	27.393139	0.495000	
07:38.72	231.625000	250.000000	0.000000	29.819550	20.000000	0.000000	204.960007	29.819550	28.890289	27.393139	0.495000	
07:39.72	232.437500	250.000000	0.225510	29.819550	20.000000	0.000000	204.960007	29.819550	28.890289	27.393139	0.495000	
07:40.72	234.000000	250.000000	1.074173	29.819550	20.000000	0.000000	204.960007	29.819550	28.890289	27.393139	0.495000	
07:41.72	235.062500	250.000000	0.980614	29.819550	20.000000	0.000000	204.960007	29.819550	28.890289	27.393139	0.490000	
07:42.72	236.125000	250.000000	1.007277	29.819550	20.000000	0.000000	204.960007	29.819550	28.890289	27.393139	0.490000	
07:43.72	238.000000	250.000000	1.949072	29.819550	20.000000	0.000000	204.960007	29.819550	28.890289	27.393139	0.495000	
07:44.72	239.500000	250.000000	3.388712	29.819550	20.000000	0.000000	204.960007	29.819550	28.890289	27.341522	0.495000	
07:45.72	241.000000	250.000000	4.952742	29.819550	20.000000	0.000000	204.960007	29.819550	28.890289	27.341522	0.495000	
07:46.72	243.250000	250.000000	7.709471	29.819550	20.000000	0.000000	204.960007	29.819550	28.941906	27.341522	0.495000	
07:47.72	245.750000	250.000000	11.806841	29.819550	20.000000	0.000000	204.960007	29.819550	28.941906	27.341522	0.495000	
07:48.72	246.500000	250.000000	12.357033	29.819550	20.000000	0.000000	204.960007	29.819550	28.941906	27.341522	0.490000	
07:49.72	247.625000	250.000000	14.135788	29.819550	20.000000	0.000000	204.960007	29.819550	28.941906	27.341522	0.490000	
07:50.72	249.000000	250.000000	16.622293	29.819550	20.000000	0.000000	204.960007	29.819550	28.941906	27.341522	0.490000	
07:51.72	250.437500	250.000000	19.409868	29.819550	20.000000	0.000000	204.960007	29.819550	28.941906	27.341522	0.495000	
07:52.72	251.562500	250.000000	21.771561	29.819550	20.000000	0.000000	204.960007	29.819550	28.941906	27.341522	0.495000	
07:53.72	252.624985	250.000000	24.152792	29.819550	20.000000	0.000000	204.960007	29.819550	28.941906	27.341522	0.490000	
07:54.72	254.187500	250.000000	27.917948	29.819550	20.000000	0.000000	205.000000	29.819550	28.941906	27.341522	0.495000	
07:55.72	255.625015	250.000000	31.405890	29.767933	20.000000	0.000000	205.000000	29.767933	28.941906	27.341522	0.490000	
07:56.72	256.062500	250.000000	33.456619	29.819550	20.000000	0.000000	205.000000	29.819550	28.941906	27.341522	0.490000	
07:57.72	256.875000	250.000000	35.981823	29.819550	20.000000	0.000000	205.000000	29.819550	28.941906	27.341522	0.490000	
07:58.72	257.812500	250.000000	38.842968	29.767933	20.000000	0.000000	205.000000	29.767933	28.941906	27.341522	0.490000	
07:59.72	258.687500	250.000000	42.318790	29.767933	20.000000	0.000000	205.000000	29.767933	28.941906	27.341522	0.490000	
08:00.72	258.875000	250.000000	43.875034	29.767933	20.000000	0.000000	205.000000	29.767933	28.941906	27.341522	0.495000	
08:01.72	259.187500	250.000000	45.835381	29.767933	20.000000	0.000000	205.000000	29.767933	28.941906	27.289886	0.495000	
08:02.72	259.687500	250.000000	48.864834	29.767933	20.000000	0.000000	205.000000	29.767933	28.941906	27.289886	0.495000	
08:03.72	259.937500	250.000000	50.702663	29.767933	20.000000	0.000000	205.000000	29.767933	28.941906	27.289886	0.495000	
08:04.72	259.687500	250.000000	51.612766	29.819550	20.000000	0.000000	205.000000	29.819550	28.941906	27.289886	0.495000	
08:05.72	259.500000	250.000000	53.234070	29.819550	20.000000	0.000000	205.000000	29.819550	28.941906	27.289886	0.495000	
08:06.72	259.500000	250.000000	54.586231	29.767933	20.000000	0.000000	205.000000	29.767933	28.941906	27.289886	0.495000	
08:07.72	259.500000	250.000000	55.899948	29.819550	20.000000	0.000000	205.000000	29.819550	28.941906	27.289886	0.495000	
08:08.72	258.750000	250.000000	56.355343	29.819550	20.000000	0.000000	205.000000	29.819550	28.941906	27.289886	0.495000	
08:09.72	258.125000	250.000000	56.391750	29.767933	20.000000	0.000000	205.000000	29.767933	28.941906	27.289886	0.495000	
08:10.72	257.625000	250.000000	56.467533	29.819550	20.000000	0.000000	205.000000	29.819550	28.941906	27.289886	0.495000	
08:11.72	256.875000	250.000000	56.544281	29.767933	20.000000	0.000000	205.000000	29.767933	28.941906	27.289886	0.495000	
08:12.72	256.500000	250.000000	56.711544	29.767933	20.000000	0.000000	205.000000	29.767933	28.941906	27.289886	0.495000	
08:13.72	255.874985	250.000000	56.377918	29.767933	20.000000	0.000000	205.000000	29.767933	28.941906	27.186636	0.490000	
08:14.72	255.124985	250.000000	56.094784	29.819550	20.000000	0.000000	205.000000	29.819550	28.993540	27.186636	0.495000	
08:15.72	254.625000	250.000000	55.809811	29.819550	20.000000	0.000000	205.000000	29.819550	28.993540	27.186636	0.495000	
08:16.72	254.000015	250.000000	55.505341	29.819550	20.000000	0.000000	205.000000	29.819550	28.941906	27.186636	0.490000	
08:17.72	253.437485	250.000000	54.909458	29.819550	20.000000	0.000000	205.000000	29.819550	28.993540	27.186636	0.490000	
08:18.72	252.937500	250.000000	54.380386	29.819550	20.000000	0.000000	205.000000	29.819550	28.993540	27.186636	0.490000	
08:19.72	251.562500	250.000000	52.129631	29.767933	20.000000	0.000000	205.000000	29.767933	28.993540	27.186636	0.490000	
08:20.72	250.750000	250.000000	50.703983	29.767933	20.000000	0.000000	205.000000	29.767933	28.993540	27.186636	0.490000	
08:21.72	249.937500	250.000000	49.146408	29.819550	20.000000	0.000000	205.000000	29.819550	28.993540	27.186636	0.490000	
08:22.72	248.500000	250.000000	46.148582	29.767933	20.000000	0.000000	205.000000	29.767933	28.993540	27.186636	0.490000	
08:23.72	247.750000	250.000000	44.413059	29.819550	20.000000	0.000000	205.000000	29.819550	28.993540	27.186636	0.490000	
08:24.72	246.812500	250.000000	42.184849	29.819550	20.000000	0.000000	205.000000	29.819550	28.993540	27.186636	0.490000	
08:25.72	245.687500	250.000000	39.201370	29.819550	20.000000	0.000000	205.000000	29.819550	28.993540	27.186636	0.490000	
08:26.72	244.937500	250.000000	37.070232	29.819550	20.000000	0.000000	205.000000	29.819550	28.993540	27.186636	0.495000	
08:27.72	244.187500	250.000000	34.833279	29.819550	20.000000	0.000000	205.000000	29.819550	28.993540	27.186636	0.495000	
08:28.72	243.187500	250.000000	31.517410	29.819550	20.000000	0.000000	205.000000	29.819550	28.993540	27.186636	0.495000	
08:29.72	242.437500	250.000000	29.036812	29.819550	20.000000	0.000000	205.000000	29.819550	28.993540	27.186636	0.495000	
08:30.72	241.937500	250.000000	26.961689	29.819550	20.000000	0.000000	205.000000	29.819550	28.993540	27.186636	0.495000	
08:31.72	241.187500	250.000000	23.686005	29.819550	20.000000	0.000000	205.000000	29.819550	28.993540	27.186636	0.495000	
08:32.72	240.750000	250.000000	21.557201	29.819550	20.000000	0.000000	205.000000	29.819550	28.993540	27.186636	0.495000	
08:33.72	240.062500	250.000000	18.106270	29.819550	20.000000	0.000000	205.000000	29.819550	28.993540	27.186636	0.495000	
08:34.72	239.812500	250.000000	16.267986	29.819550	20.000000	0.000000	205.000000	29.819550	28.993540	27.289886	0.495000	
08:35.72	239.437500	250.000000	14.014824	29.819550	20.000000	0.000000	205.000000	29.819550	28.993540	27.289886	0.495000	
08:36.72	239.500000	250.000000	11.926456	29.819550	20.000000	0.000000	205.000000	29.819550	28.993540	27.289886	0.495000	
08:37.72	239.125000	250.000000	9.674347	29.819550	20.000000	0.000000	205.000000	29.819550	28.993540	27.289886	0.495000	
08:38.77	239.000000	250.000000	7.852968	29.819550	20.000000	0.000000	205.000000	29.819550	28.993540	27.289886	0.495000	
08:39.72	238.875000	250.000000	5.339525	29.819550	20.000000	0.000000	205.000000	29.819550	28.993540	27.289886	0.495000	
08:40.72	239.437500	250.000000	4.925573	29.819550	20.000000	0.000000	205.000000	29.819550	28.993540	27.289886	0.495000	
08:41.72	239.187500	250.000000	2.876221	29.819550	20.000000	0.000000	205.000000	29.819550	28.993540	27.289886	0.495000	
08:42.72	239.625000	250.000000	1.539827	29.819550	20.000000	0.000000	205.000000	29.819550	28.993540	27.289886	0.495000	
08:43.72	239.750000	250.000000	0.212099	29.819550	20.000000	0.000000	205.000000	29.819550	28.993540	27.289886	0.495000	
08:44.72	239.750000	250.000000	0.000000	29.819550	20.000000	0.000000	205.000000	29.819550	29.045156	27.186636	0.495000	
08:45.72	240.250000	250.000000	0.000000	29.819550	20.000000	0.000000	205.000000	29.819550	29.045156	27.186636	0.490000	
08:46.72	240.375000	250.000000	0.000000	29.819550	20.000000	0.000000	205.000000	29.819550	29.045156	27.186636	0.495000	
08:47.72	241.312500	250.000000	0.513857	29.819550	20.000000	0.000000	205.000000	29.819550	29.045156	27.186636	0.495000	
08:48.72	241.812500	250.000000	0.238417	29.819550	20.000000	0.000000	205.000000	29.819550	28.993540	27.186636	0.495000	
08:49.73	241.937500	250.000000	0.000000	29.819550	20.000000	0.000000	205.000000	29.819550	29.045156	27.186636	0.495000	
08:50.72	242.750000	250.000000	0.520031	29.819550	20.000000	0.000000	205.000000	29.819550	29.045156	27.186636	0.495000	
08:51.73	243.875000	250.000000	1.735355	29.819550	20.000000	0.000000	205.000000	29.819550	29.045156	27.186636	0.495000	
08:52.72	245.375000	250.000000	3.924257	29.871164	20.000000	0.000000	205.000000	29.871164	29.045156	27.289886	0.495000	
08:53.72	247.562500	250.000000	7.467901	29.871164	20.000000	0.000000	205.000000	29.871164	29.045156	27.289886	0.495000	
08:54.73	249.000000	250.000000	10.037554	29.871164	20.000000	0.000000	205.000000	29.871164	29.045156	27.289886	0.490000	
08:55.73	250.250015	250.000000	12.439994	29.871164	20.000000	0.000000	205.000000	29.871164	29.045156	27.289886	0.495000	
08:56.73	252.000000	250.000000	16.114777	29.871164	20.000000	0.000000	205.000000	29.871164	29.045156	27.289886	0.495000	
08:57.73	253.437485	250.000000	19.341629	29.819550	20.000000	0.000000	205.000000	29.819550	29.045156	27.289886	0.495000	
08:58.73	254.500000	250.000000	21.981443	29.871164	20.000000	0.000000	205.000000	29.871164	29.045156	27.289886	0.495000	
08:59.73	256.062500	250.000000	26.155546	29.871164	20.000000	0.000000	205.000000	29.871164	29.045156	27.289886	0.495000	
09:00.73	257.187500	250.000000	29.430372	29.819550	20.000000	0.000000	205.000000	29.819550	29.045156	27.289886	0.495000	
09:01.73	258.437500	250.000000	33.521187	29.871164	20.000000	0.000000	205.000000	29.871164	29.045156	27.289886	0.495000	
09:02.72	259.312500	250.000000	36.520344	29.871164	20.000000	0.000000	205.000000	29.871164	29.045156	27.289886	0.495000	
09:03.73	259.812500	250.000000	38.766804	29.871164	20.000000	0.000000	205.000000	29.871164	29.096790	27.289886	0.495000	
09:04.73	260.937500	250.000000	43.192158	29.819550	20.000000	0.000000	205.000000	29.819550	29.045156	27.289886	0.495000	
09:05.73	261.562500	250.000000	46.033852	29.819550	20.000000	0.000000	205.000000	29.819550	29.096790	27.289886	0.495000	
09:06.73	261.687500	250.000000	47.982616	29.819550	20.000000	0.000000	205.000000	29.819550	29.096790	27.289886	0.495000	
09:07.73	261.875000	250.000000	50.815125	29.871164	20.000000	0.000000	205.000000	29.871164	29.096790	27.289886	0.495000	
09:08.73	262.062500	250.000000	52.770157	29.819550	20.000000	0.000000	205.000000	29.819550	29.096790	27.289886	0.495000	
09:09.73	262.187500	250.000000	54.815403	29.819550	20.000000	0.000000	205.000000	29.819550	29.096790	27.289886	0.495000	
09:10.73	261.812500	250.000000	56.675743	29.819550	20.000000	0.000000	205.000000	29.819550	29.096790	27.289886	0.495000	
09:11.73	261.687500	250.000000	58.081375	29.819550	20.000000	0.000000	205.000000	29.819550	29.096790	27.289886	0.495000	
09:12.73	260.750000	250.000000	58.640255	29.819550	20.000000	0.000000	205.000000	29.819550	29.096790	27.289886	0.495000	
09:13.73	260.437500	250.000000	59.489857	29.819550	20.000000	0.000000	205.000000	29.819550	29.096790	27.289886	0.495000	
09:14.73	259.812500	250.000000	59.713314	29.819550	20.000000	0.000000	205.000000	29.819550	29.096790	27.289886	0.495000	
09:15.73	259.062500	250.000000	60.245644	29.819550	20.000000	0.000000	205.000000	29.819550	29.096790	27.289886	0.495000	
09:16.73	258.375000	250.000000	60.123436	29.819550	20.000000	0.000000	205.000000	29.819550	29.096790	27.289886	0.495000	
09:17.73	257.750000	250.000000	59.965904	29.819550	20.000000	0.000000	205.000000	29.819550	29.096790	27.289886	0.495000	
09:18.73	256.812500	250.000000	59.688240	29.819550	20.000000	0.000000	205.000000	29.819550	29.096790	27.289886	0.495000	
09:19.73	256.375000	250.000000	59.771255	29.819550	20.000000	0.000000	205.039993	29.819550	29.096790	27.289886	0.495000	
09:20.73	255.562515	250.000000	59.011887	29.819550	20.000000	0.000000	205.000000	29.819550	29.096790	27.289886	0.495000	
09:21.73	253.874985	250.000000	56.734993	29.819550	20.000000	0.000000	205.000000	29.819550	29.096790	27.289886	0.495000	
09:22.73	252.812500	250.000000	55.116531	29.819550	20.000000	0.000000	205.000000	29.819550	29.096790	27.186636	0.495000	
09:23.73	251.562500	250.000000	52.970543	29.871164	20.000000	0.000000	205.000000	29.871164	29.096790	27.186636	0.495000	
09:24.73	250.000000	250.000000	50.075558	29.871164	20.000000	0.000000	205.000000	29.871164	29.096790	27.186636	0.495000	
09:25.73	248.875000	250.000000	47.787663	29.871164	20.000000	0.000000	205.039993	29.871164	29.096790	27.186636	0.495000	
09:26.73	247.125000	250.000000	43.923992	29.871164	20.000000	0.000000	205.000000	29.871164	29.148426	27.186636	0.495000	
09:27.73	246.000000	250.000000	41.233055	29.871164	20.000000	0.000000	205.039993	29.871164	29.096790	27.186636	0.495000	
09:28.73	244.937500	250.000000	38.499115	29.871164	20.000000	0.000000	205.000000	29.871164	29.148426	27.186636	0.495000	
09:29.73	243.500000	250.000000	34.430042	29.871164	20.000000	0.000000	205.000000	29.871164	29.096790	27.186636	0.495000	
09:30.73	242.437500	250.000000	31.344101	29.871164	20.000000	0.000000	205.039993	29.871164	29.148426	27.186636	0.495000	
09:31.73	241.375000	250.000000	28.139229	29.871164	20.000000	0.000000	205.000000	29.871164	29.148426	27.186636	0.495000	
09:32.73	240.437500	250.000000	24.403172	29.871164	20.000000	0.000000	205.039993	29.871164	29.148426	27.186636	0.490000	
09:33.73	240.062500	250.000000	22.225292	29.871164	20.000000	0.000000	205.000000	29.871164	29.148426	27.186636	0.495000	
09:34.73	238.875000	250.000000	17.698605	29.871164	20.000000	0.000000	205.039993	29.871164	29.148426	27.186636	0.495000	
09:35.73	238.375000	250.000000	15.101276	29.871164	20.000000	0.000000	205.039993	29.871164	29.148426	27.186636	0.495000	
09:36.73	238.187500	250.000000	13.078094	29.871164	20.000000	0.000000	205.039993	29.871164	29.148426	27.186636	0.495000	
09:37.73	237.750000	250.000000	9.639961	29.871164	20.000000	0.000000	205.039993	29.871164	29.148426	27.186636	0.495000	
09:38.73	237.562500	250.000000	7.539310	29.871164	20.000000	0.000000	205.039993	29.871164	29.148426	27.186636	0.495000	
09:39.73	237.375000	250.000000	5.369892	29.871164	20.000000	0.000000	205.039993	29.871164	29.148426	27.186636	0.495000	
09:40.73	237.250000	250.000000	2.485825	29.871164	20.000000	0.000000	205.039993	29.871164	29.148426	27.186636	0.495000	
09:41.73	237.375000	250.000000	0.944834	29.871164	20.000000	0.000000	205.039993	29.871164	29.148426	27.186636	0.495000	
09:42.73	237.375000	250.000000	0.104149	29.871164	20.000000	0.000000	205.039993	29.871164	29.148426	27.186636	0.495000	
09:43.73	237.562500	250.000000	0.000000	29.922802	20.000000	0.000000	205.039993	29.922802	29.148426	27.186636	0.495000	
09:44.73	237.437500	250.000000	0.000000	29.922802	20.000000	0.000000	205.039993	29.922802	29.148426	27.186636	0.495000	
09:45.73	237.875000	250.000000	0.000000	29.871164	20.000000	0.000000	205.039993	29.871164	29.148426	27.186636	0.495000	
09:46.73	238.375000	250.000000	0.013769	29.922802	20.000000	0.000000	205.039993	29.922802	29.148426	27.186636	0.495000	
09:47.73	238.500000	250.000000	0.000000	29.922802	20.000000	0.000000	205.039993	29.922802	29.148426	27.186636	0.495000	
09:48.73	239.187500	250.000000	0.419334	29.922802	20.000000	0.000000	205.039993	29.922802	29.148426	27.186636	0.495000	
09:49.73	239.750000	250.000000	0.012058	29.922802	20.000000	0.000000	205.039993	29.922802	29.148426	27.186636	0.495000	
09:50.73	240.125000	250.000000	0.185766	29.922802	20.000000	0.000000	205.039993	29.922802	29.148426	27.186636	0.495000	
09:51.73	241.187500	250.000000	0.927902	29.922802	20.000000	0.000000	205.039993	29.922802	29.148426	27.186636	0.495000	
09:52.73	242.125000	250.000000	1.589069	29.922802	20.000000	0.000000	205.039993	29.922802	29.148426	27.186636	0.495000	
09:53.73	243.062500	250.000000	2.368589	29.922802	20.000000	0.000000	205.039993	29.922802	29.148426	27.186636	0.495000	
09:54.73	245.375000	250.000000	5.679006	29.922802	20.000000	0.000000	205.039993	29.922802	29.200043	27.186636	0.495000	
09:55.73	246.812500	250.000000	7.964003	29.922802	20.000000	0.000000	205.039993	29.922802	29.148426	27.186636	0.495000	
09:56.73	248.062500	250.000000	10.068178	29.922802	20.000000	0.000000	205.039993	29.922802	29.148426	27.186636	0.495000	
09:57.73	249.937500	250.000000	13.571189	29.922802	20.000000	0.000000	205.039993	29.922802	29.148426	27.186636	0.495000	
09:58.73	251.250000	250.000000	16.235056	29.922802	20.000000	0.000000	205.039993	29.922802	29.148426	27.186636	0.495000	
09:59.74	252.812500	250.000000	19.754211	29.922802	20.000000	0.000000	205.039993	29.922802	29.200043	27.186636	0.495000	
10:00.73	254.187500	250.000000	22.918587	29.922802	20.000000	0.000000	205.039993	29.922802	29.200043	27.186636	0.495000	
10:01.74	254.937500	250.000000	25.057594	29.922802	20.000000	0.000000	205.039993	29.922802	29.200043	27.186636	0.495000	
10:02.73	256.250000	250.000000	28.929468	29.922802	20.000000	0.000000	205.039993	29.922802	29.200043	27.186636	0.495000	
10:03.74	257.187500	250.000000	31.739302	29.922802	20.000000	0.000000	205.039993	29.922802	29.200043	27.186636	0.495000	
10:04.74	259.812500	250.000000	37.999119	29.922802	20.000000	0.000000	205.039993	29.922802	29.200043	27.186636	0.495000	
10:05.74	259.000000	250.000000	38.256664	29.922802	20.000000	0.000000	205.039993	29.922802	29.200043	27.186636	0.495000	
10:06.74	259.625000	250.000000	40.870636	29.922802	20.000000	0.000000	205.039993	29.922802	29.200043	27.186636	0.495000	
10:07.74	260.250000	250.000000	43.498394	29.922802	20.000000	0.000000	205.039993	29.922802	29.200043	27.186636	0.495000	
10:08.74	260.875000	250.000000	46.919987	29.922802	20.000000	0.000000	205.039993	29.922802	29.200043	27.186636	0.490000	
10:09.74	260.937500	250.000000	48.551144	29.922802	20.000000	0.000000	205.039993	29.922802	29.200043	27.186636	0.495000	
10:10.74	261.375000	250.000000	51.071655	29.922802	20.000000	0.000000	205.039993	29.922802	29.200043	27.186636	0.495000	
10:11.74	261.250000	250.000000	53.197338	29.922802	20.000000	0.000000	205.039993	29.922802	29.200043	27.186636	0.495000	
10:12.74	261.500000	250.000000	55.354885	29.922802	20.000000	0.000000	205.039993	29.922802	29.200043	27.186636	0.495000	
10:13.74	260.875000	250.000000	56.470745	29.922802	20.000000	0.000000	205.039993	29.922802	29.200043	27.289886	0.495000	
10:14.74	260.000000	250.000000	56.126736	29.922802	20.000000	0.000000	205.039993	29.922802	29.200043	27.289886	0.495000	
10:15.74	259.500000	250.000000	56.554237	29.922802	20.000000	0.000000	205.039993	29.922802	29.200043	27.289886	0.495000	
10:16.74	259.062500	250.000000	57.705505	29.922802	20.000000	0.000000	205.039993	29.922802	29.200043	27.289886	0.495000	
10:17.74	258.562500	250.000000	57.959766	29.922802	20.000000	0.000000	205.039993	29.922802	29.200043	27.289886	0.495000	
10:18.74	257.812500	250.000000	57.588802	29.922802	20.000000	0.000000	205.039993	29.922802	29.200043	27.289886	0.495000	
10:19.74	257.312500	250.000000	58.245754	29.922802	20.000000	0.000000	205.039993	29.922802	29.200043	27.289886	0.495000	
