4.6015e+06
4.0578e+06
1.6245e+05
-1.2518e+05
-1.1903e+06
-3.0735e+05
6.9625e+05
-6.966e+05
1.0984e+05
1.1282e+06
2.2546e+05
1.6636e+05
-1.4494e+06
-4.5411e+05
-25233
6.2993e+05
-4.8828e+05
-1.0651e+05
-1.3447e+05
2.6803e+05
77876
-1.8328e+05
-2.1389e+05
-2.8365e+05
72181
93732
-20427
-72109
1.4275e+05
1.2223e+05
1.019e+05
2089.3
28979
-4870.6
38566
-5453.4
71434
67238
48987
-7060.3
27260
2346.1
2482.9
18729
45225
-1131.1
22602
22654
15121
15501
5533
8725.5
15450
-24.371
6725.2
8618.8
16045
4048.3
5944.5
1907.9
4672.2
6870.4
4186.1
-812.08
335.75
777.36
637.66
1432.3
1367.7
-251
1765.4
1067
1101.1
-938.88
-510.1
1740.6
1961
1233.1
1081.3
652.9
-64.26
-125.58
1256.2
672.45
551.57
805.3
-256.83
377.33
447.52
411.99
218.72
143.69
242.78
192.24
251.7
71.034
250.1
274.11
69.978
112.37
184.03
125.65
71.633
99.552
156.66
43.178
106.79
19.595
147.84
25.842
53.674
32.554
36.592
12.456
18.445
61.222
42.026
1.5467
54.829
49.064
37.195
14.781
10.296
41.052
30.231
-0.68319
18.746
9.6509
9.247
12.605
16.344
12.19
-1.5598
10.1
2.4571
11.598
16.338
-0.16242
3.3904
12.413
10.501
0.1865
3.1799
10.235
3.2957
7.4607
6.4009
6.1366
2.6723
4.5923
5.3418
1.719
2.576
2.4645
4.0098
-0.5533
2.5538
4.2493
0.89712
1.3331
3.4639
0.68797
-0.38596
0.046015
-0.3415
-0.18556
1.126
2.8467
0.86576
1.0468
-0.25524
0.37657
1.8162
0.067471
0.91296
1.3866
-0.061382
1.0892
0.82919
0.83231
0.29818
0.75084
-0.16913
0.44926
0.7608
0.1681
0.6604
0.18833
0.034662
0.010174
-0.12421
0.23201
0.48806
0.3444
0.3906
0.25175
-0.062505
-0.033666
0.33217
0.17679
0.31432
0.20931
0.33584
0.14852
0.27471
0.23668
-0.18459
0.19181
0.093915
0.11643
0.18287
0.0049226
0.03808
0.077526
0.025364
-0.023247
0.044795
-0.024932
0.1677
0.090307
0.048997
0.095683
0.055568
0.10887
0.039366
0.0094581
0.11242
0.1048
0.058932
0.053263
0.00537
0.07664
0.027424
0.05659
0.063639
0.022171
0.027887
0.023638
0.00037785
0.041828
0.05805
0.038561
0.052516
0.008929
0.008886
-0.0017815
0.038555
0.016841
0.01041
0.021958
0.0043225
0.025318
0.019977
0.009768
0.0036181
0.007192
0.0031049
0.0035767
0.00092307
0.01286
0.0059616
0.014672
0.022143
0.00058908
0.01513
0.020047
0.015402
0.0063851
-0.0015312
0.010322
0.010135
0.014587
0.0066708
0.0063976
0.0058484
0.0038278
0.0052072
0.0065526
0.0033047
0.0022952
0.0027411
0.0067481
0.0078271
0.0057526
0.0052688
0.0052488
0.0038422
0.0058902
0.0090591
0.0060321
-1.0288e-05
0.0034516
0.0058427
0.002141
0.0020165
0.0015159
0.0042311
0.0039917
0.00082307
0.0030443
0.0026171
0.00049836
0.0031724
0.0043377
-3.6105e-05
0.0034735
0.0025911
0.00085581
0.00030588
0.0010946
0.0017783
-0.00028325
0.0014733
0.00090203
0.0021191
0.0010394
0.0021838
0.00068747
0.0027706
0.0010397
0.0023443
0.00014245
0.00069962
0.00032871
0.00098721
0.0018098
0.0011237
0.0013345
0.0013768
0.0021861
0.0010365
0.0012412
0.00017419
0.0011266
0.00052288
0.00072387
0.0005172
0.00066742
0.001139
0.00043262
0.00016637
0.00078618
0.00077627
0.00050779
0.00066003
-0.00043528
0.00079708
0.0008841
0.00056579
0.00021085
-9.777e-05
0.00040787
0.0002931
0.00039316
0.00031714
0.00020444
0.00057581
8.0928e-05
-0.00017828
-2.8018e-05
0.0004239
0.00030896
0.00030335
0.00052113
0.00039317
0.00017886
0.00018792
0.00020332
0.00034725
1.2563e-05
8.2725e-05
0.00047211
0.00013809
8.1899e-06
0.00014132
0.0001564
1.2817e-05
0.00020939
0.00034407
0.00034373
0.00019372
0.00028002
0.00022053
0.00016417
0.00036552
5.7186e-06
0.00024159
0.00018252
0.00016046
0.00011227
6.4949e-05
3.7382e-05
0.00010623
0.00017604
0.00016479
0.00010667
0.00010807
0.00014257
3.058e-05
0.00013474
4.6141e-05
-6.7256e-05
7.8682e-05
9.2356e-05
2.8203e-05
8.9615e-05
8.0447e-05
0.00013166
8.7797e-05
0.00010193
8.0102e-05
3.9828e-05
2.3559e-05
4.0493e-05
0.000106
5.9381e-05
0.00011656
0.00012591
8.3823e-05
5.6453e-05
0.00012846
8.3347e-05
3.3957e-05
6.3457e-05
7.3507e-05
6.2884e-05
2.5991e-05
9.9755e-05
1.5371e-05
4.4542e-05
9.4565e-05
3.0258e-05
2.7812e-05
5.323e-05
4.6576e-05
2.7818e-05
3.8184e-05
5.8339e-05
5.5918e-05
4.7517e-05
5.5434e-05
2.2988e-05
4.3623e-05
4.2965e-05
5.1371e-05
5.4091e-05
5.5893e-05
3.3141e-05
7.8145e-05
7.922e-06
2.4748e-05
2.8991e-05
7.6968e-06
5.3631e-05
2.4369e-05
3.508e-05
4.0671e-05
1.966e-05
4.719e-05
2.8131e-05
2.3016e-05
2.7628e-05
3.3071e-05
3.6692e-05
1.2836e-05
2.9809e-05
2.839e-05
2.3256e-05
1.076e-05
1.7248e-05
2.1237e-05
3.3178e-05
2.9902e-05
3.5353e-05
2.3549e-05
2.555e-05
1.9433e-05
2.3468e-05
4.0439e-05
2.812e-05
3.1492e-05
2.5152e-05
7.1201e-06
5.3343e-06
2.191e-05
1.9246e-05
1.9122e-05
1.7063e-05
7.9649e-06
6.9364e-06
2.2503e-05
1.1263e-05
1.2613e-05
1.4419e-05
2.5053e-05
1.6165e-05
1.4108e-05
1.7022e-05
1.7937e-05
2.3941e-05
1.2484e-05
1.3746e-05
1.2276e-05
8.3516e-06
1.2271e-05
1.6823e-05
1.8332e-05
8.9146e-06
1.4557e-05
1.0201e-05
1.3051e-05
1.1455e-05
1.3549e-05
1.3774e-05
8.3553e-06
6.4776e-06
9.8416e-06
1.5478e-05
1.4473e-05
1.2384e-05
8.3259e-06
1.1381e-05
1.6134e-05
1.2711e-05
1.2858e-05
1.2796e-05
1.3643e-05
1.0578e-05
1.0614e-05
1.2655e-05
7.9856e-06
1.4436e-05
1.3805e-05
1.2913e-05
1.2822e-05
1.2088e-05
1.365e-05
6.9454e-06
9.8117e-06
1.0967e-05
1.1487e-05
1.0639e-05
1.1237e-05
8.8504e-06
8.4077e-06
1.1929e-05
1.1656e-05
1.1859e-05
7.277e-06
1.2153e-05
1.2043e-05
1.0351e-05
9.4172e-06
9.5812e-06
9.4749e-06
8.6038e-06
8.8375e-06
9.7653e-06
1.0309e-05
9.5733e-06
8.2314e-06
9.6168e-06
7.4145e-06
8.9168e-06
7.7309e-06
1.0262e-05
1.0226e-05
9.1016e-06
1.1005e-05
8.7719e-06
7.4513e-06
7.6697e-06
1.1486e-05
1.0018e-05
7.2867e-06
8.7023e-06
8.2725e-06
1.1127e-05
7.6192e-06
8.8053e-06
9.3195e-06
8.154e-06
9.4158e-06
7.2127e-06
8.2922e-06
9.0353e-06
9.251e-06
9.5011e-06
6.7642e-06
9.3299e-06
8.7021e-06
8.8973e-06
8.0313e-06
7.9108e-06
9.0947e-06
8.7281e-06
8.5956e-06
6.6446e-06
9.891e-06
9.3771e-06
8.4504e-06
8.4352e-06
7.822e-06
7.5501e-06
8.5205e-06
8.74e-06
8.6522e-06
7.7677e-06
7.9229e-06
7.9758e-06
6.8639e-06
7.6177e-06
7.3207e-06
8.8e-06
8.2935e-06
6.7254e-06
7.8883e-06
8.4098e-06
8.9519e-06
8.556e-06
7.9021e-06
8.0641e-06
8.8049e-06
8.4285e-06
8.4268e-06
9.9518e-06
8.9853e-06
9.5231e-06
9.4014e-06
8.5665e-06
9.5847e-06
9.3441e-06
9.8548e-06
9.6891e-06
8.9194e-06
8.837e-06
9.3949e-06
1.0445e-05
9.6935e-06
9.11e-06
9.3537e-06
9.2917e-06
9.909e-06
9.1791e-06
9.6764e-06
9.7191e-06
9.8096e-06
1.0021e-05
9.7394e-06
1.0427e-05
1.0249e-05
9.7624e-06
9.5111e-06
1.0014e-05
9.8285e-06
1.044e-05
1.0223e-05
1.0498e-05
9.3848e-06
9.4763e-06
1.0112e-05
9.9953e-06
9.4387e-06
9.7421e-06
1.0115e-05
1.0192e-05
9.9589e-06
9.9422e-06
9.9273e-06
9.9847e-06
1.0545e-05
1.0274e-05
1.0647e-05
1.0254e-05
1.0257e-05
9.9923e-06
1.0407e-05
1.0232e-05
1.0648e-05
1.0337e-05
1.0292e-05
1.0522e-05
1.0526e-05
1.0586e-05
1.0015e-05
1.0177e-05
1.073e-05
1.0649e-05
1.0958e-05
1.0474e-05
1.0448e-05
1.0466e-05
1.0817e-05
1.0728e-05
1.0559e-05
1.1042e-05
1.0683e-05
1.0679e-05
1.0633e-05
1.0665e-05
1.0968e-05
1.1362e-05
1.0941e-05
1.0768e-05
1.107e-05
1.0919e-05
1.1433e-05
1.1098e-05
1.1078e-05
1.1273e-05
1.1424e-05
1.1625e-05
1.1252e-05
1.1452e-05
1.1358e-05
1.1707e-05
1.1686e-05
1.1261e-05
1.1175e-05
1.1398e-05
1.144e-05
1.1589e-05
1.0999e-05
1.1493e-05
1.1765e-05
1.1923e-05
1.1347e-05
1.1504e-05
1.125e-05
1.1459e-05
1.1182e-05
1.136e-05
1.1279e-05
1.1299e-05
1.1202e-05
1.124e-05
1.1178e-05
1.1254e-05
1.1032e-05
1.1104e-05
1.0955e-05
1.1204e-05
1.0952e-05
1.0803e-05
1.0705e-05
1.0607e-05
1.0902e-05
1.0812e-05
1.0315e-05
1.0523e-05
1.0719e-05
1.0697e-05
1.0564e-05
1.0261e-05
1.0321e-05
1.0437e-05
1.0447e-05
1.0439e-05
1.023e-05
1.0355e-05
1.0369e-05
1.0252e-05
1.0314e-05
9.972e-06
1.009e-05
1.0386e-05
1.0327e-05
1.0182e-05
9.8551e-06
1.017e-05
1.0186e-05
1.0326e-05
9.9217e-06
9.8917e-06
9.9736e-06
9.9527e-06
9.9499e-06
9.8818e-06
9.9834e-06
1.0065e-05
1.0058e-05
9.9181e-06
9.8653e-06
9.9124e-06
1.0195e-05
9.9514e-06
9.8867e-06
9.9927e-06
1.0114e-05
9.9733e-06
1.0091e-05
9.9343e-06
9.9377e-06
9.8899e-06
1.0085e-05
9.9794e-06
9.9239e-06
9.9189e-06
1.0076e-05
1.0066e-05
1.0097e-05
9.9897e-06
1.0025e-05
1.0027e-05
1.0003e-05
1.0306e-05
1.0048e-05
1.0256e-05
1.0137e-05
1.0015e-05
1.0335e-05
1.0247e-05
1.0378e-05
1.0333e-05
1.0256e-05
1.0107e-05
1.0438e-05
1.0136e-05
1.0215e-05
1.0352e-05
1.0088e-05
1.0166e-05
1.014e-05
1.0189e-05
1.0151e-05
1.0111e-05
1.0312e-05
1.0216e-05
1.0251e-05
1.0004e-05
9.9605e-06
1.0085e-05
9.8728e-06
9.8337e-06
1.001e-05
1.0003e-05
9.9959e-06
9.8742e-06
9.7028e-06
9.6803e-06
9.689e-06
9.7099e-06
9.484e-06
9.4386e-06
9.4885e-06
9.389e-06
9.4173e-06
9.2465e-06
9.1808e-06
9.3069e-06
9.1999e-06
9.15e-06
9.1471e-06
9.1548e-06
9.0447e-06
8.9925e-06
8.9913e-06
9.013e-06
8.9013e-06
8.8778e-06
8.8508e-06
8.7093e-06
8.8436e-06
8.7147e-06
8.8113e-06
8.652e-06
8.6423e-06
8.5584e-06
8.512e-06
8.5806e-06
8.6079e-06
8.6317e-06
8.4947e-06
8.4792e-06
8.4505e-06
8.4391e-06
8.5459e-06
8.3777e-06
8.3132e-06
8.3967e-06
8.2959e-06
8.2705e-06
8.2579e-06
8.3166e-06
8.2266e-06
8.298e-06
8.2517e-06
8.3017e-06
8.2049e-06
8.1077e-06
8.1507e-06
8.1723e-06
8.0812e-06
8.2685e-06
8.183e-06
8.2479e-06
8.0523e-06
8.1168e-06
8.1123e-06
8.209e-06
8.1739e-06
8.1773e-06
8.3062e-06
8.1539e-06
8.2893e-06
8.3496e-06
8.2542e-06
8.1908e-06
8.1586e-06
8.2181e-06
8.3545e-06
8.2846e-06
8.2706e-06
8.2749e-06
8.3703e-06
8.2836e-06
8.239e-06
8.337e-06
8.397e-06
8.4009e-06
8.3628e-06
8.2168e-06
8.3798e-06
8.2885e-06
8.2675e-06
8.3012e-06
8.3245e-06
8.2961e-06
8.24e-06
8.3468e-06
8.3413e-06
8.226e-06
8.3137e-06
8.3759e-06
8.2427e-06
8.2458e-06
8.2009e-06
8.2642e-06
8.1612e-06
8.174e-06
8.2118e-06
8.1403e-06
8.0857e-06
8.1494e-06
8.0039e-06
8.0699e-06
8.0559e-06
8.1164e-06
7.9742e-06
8.1654e-06
8.1135e-06
7.9125e-06
7.8201e-06
7.9762e-06
7.892e-06
7.7164e-06
7.7879e-06
7.7848e-06
7.834e-06
7.6742e-06
7.7124e-06
7.7746e-06
7.6503e-06
7.5871e-06
7.5669e-06
7.5065e-06
7.5081e-06
7.497e-06
7.5978e-06
7.3782e-06
7.4265e-06
7.3899e-06
7.3606e-06
7.3261e-06
7.2646e-06
7.2008e-06
7.1612e-06
7.1201e-06
7.1904e-06
7.0625e-06
7.2433e-06
7.0811e-06
7.0286e-06
6.9899e-06
6.9257e-06
6.9234e-06
6.8894e-06
6.9287e-06
6.8582e-06
6.8413e-06
6.7418e-06
6.7527e-06
6.8087e-06
6.7466e-06
6.737e-06
6.6982e-06
6.6485e-06
6.7332e-06
6.5788e-06
6.5772e-06
6.6313e-06
6.5867e-06
6.5769e-06
6.5845e-06
6.5186e-06
6.4338e-06
6.4921e-06
6.4519e-06
6.4571e-06
6.395e-06
6.4702e-06
6.3871e-06
6.4059e-06
6.4142e-06
6.3541e-06
6.3436e-06
6.2497e-06
6.3157e-06
6.324e-06
6.2727e-06
6.3334e-06
6.2341e-06
6.2895e-06
6.2201e-06
6.2526e-06
6.2791e-06
6.1988e-06
6.1968e-06
6.1951e-06
6.2501e-06
6.1499e-06
6.0964e-06
6.1433e-06
6.1702e-06
6.1163e-06
6.1578e-06
6.1299e-06
6.1455e-06
6.0937e-06
6.0557e-06
6.0945e-06
6.104e-06
6.0473e-06
6.0965e-06
6.051e-06
6.0995e-06
6.0371e-06
5.9866e-06
5.9856e-06
5.9736e-06
5.9812e-06
5.9382e-06
5.9251e-06
5.9251e-06
5.8914e-06
5.9275e-06
5.8736e-06
5.8954e-06
5.8497e-06
5.8932e-06
5.8376e-06
5.8457e-06
5.7607e-06
5.812e-06
5.8171e-06
5.7857e-06
5.7372e-06
5.7089e-06
5.8558e-06
5.7148e-06
5.6625e-06
5.7007e-06
5.661e-06
5.6567e-06
5.6275e-06
5.551e-06
5.5814e-06
5.5505e-06
5.5185e-06
5.5571e-06
5.5075e-06
5.4269e-06
5.4697e-06
5.5348e-06
5.3887e-06
5.3474e-06
5.3058e-06
5.3535e-06
5.348e-06
5.2665e-06
5.1996e-06
5.2579e-06
5.1929e-06
5.2083e-06
5.1215e-06
5.0984e-06
5.0866e-06
5.0719e-06
5.0959e-06
5.0415e-06
4.9391e-06
5.0028e-06
4.9335e-06
4.8705e-06
4.8944e-06
4.8673e-06
4.8478e-06
4.8316e-06
4.7959e-06
4.755e-06
4.6881e-06
4.6894e-06
4.6841e-06
4.6125e-06
4.6009e-06
4.599e-06
4.5271e-06
4.5205e-06
4.5003e-06
4.473e-06
4.517e-06
4.4275e-06
4.3935e-06
4.4156e-06
4.3871e-06
4.3206e-06
4.3155e-06
4.3426e-06
4.2631e-06
4.263e-06
4.2461e-06
4.2436e-06
4.1864e-06
4.1786e-06
4.1586e-06
4.1094e-06
4.108e-06
4.1062e-06
4.0391e-06
4.0667e-06
4.0443e-06
4.0206e-06
3.9924e-06
3.9872e-06
3.9948e-06
3.9353e-06
3.9226e-06
3.9218e-06
3.8637e-06
3.8624e-06
3.8228e-06
3.8241e-06
3.7827e-06
3.7846e-06
3.7691e-06
3.7849e-06
3.7065e-06
3.7062e-06
3.6795e-06
3.6891e-06
3.6381e-06
3.6137e-06
3.6415e-06
3.6213e-06
3.5774e-06
3.5503e-06
3.5609e-06
3.5309e-06
3.5285e-06
3.4814e-06
3.4754e-06
3.4509e-06
3.4509e-06
3.4264e-06
3.4029e-06
3.4076e-06
3.403e-06
3.4151e-06
3.3604e-06
3.3571e-06
3.3538e-06
3.3482e-06
3.3334e-06
3.329e-06
3.2938e-06
3.2888e-06
3.3333e-06
3.2758e-06
3.3035e-06
3.2543e-06
3.2603e-06
3.2245e-06
3.2522e-06
3.2339e-06
3.2019e-06
3.1967e-06
3.2038e-06
3.1912e-06
3.1905e-06
3.1542e-06
3.1607e-06
3.1473e-06
3.1619e-06
3.1218e-06
3.1413e-06
3.1191e-06
3.1125e-06
3.1108e-06
3.1241e-06
3.0852e-06
3.1039e-06
3.0766e-06
3.0955e-06
3.0385e-06
3.0538e-06
3.0707e-06
3.0298e-06
3.0272e-06
3.0269e-06
3.0174e-06
3.0159e-06
3.0061e-06
3.0016e-06
2.9925e-06
2.9739e-06
2.9767e-06
2.9545e-06
2.9137e-06
2.9365e-06
2.9219e-06
2.8944e-06
2.9034e-06
2.8551e-06
2.8307e-06
2.8216e-06
2.8335e-06
2.8285e-06
2.8082e-06
2.7878e-06
2.7549e-06
2.766e-06
2.7314e-06
2.7042e-06
2.705e-06
2.6925e-06
2.6776e-06
2.6756e-06
2.6454e-06
2.6136e-06
2.6077e-06
2.6057e-06
2.5838e-06
2.5829e-06
2.5501e-06
2.5313e-06
2.5311e-06
2.4944e-06
2.4916e-06
2.4749e-06
2.4748e-06
2.4431e-06
2.4145e-06
2.3984e-06
2.4095e-06
2.3466e-06
2.3585e-06
2.3225e-06
2.3342e-06
2.3229e-06
2.2739e-06
2.2559e-06
2.2558e-06
2.2437e-06
2.2156e-06
2.1874e-06
2.1782e-06
2.164e-06
2.1458e-06
2.1322e-06
2.1168e-06
2.0928e-06
2.0956e-06
2.0659e-06
2.0409e-06
2.0265e-06
2.0001e-06
1.9866e-06
1.9577e-06
1.9704e-06
1.9618e-06
1.9302e-06
1.9037e-06
1.9133e-06
1.8889e-06
1.8773e-06
1.8466e-06
1.8245e-06
1.832e-06
1.8048e-06
1.7893e-06
1.7741e-06
1.7528e-06
1.7395e-06
1.739e-06
1.7368e-06
1.7161e-06
1.6893e-06
1.688e-06
1.6534e-06
1.6394e-06
1.6388e-06
1.6286e-06
1.6229e-06
1.6031e-06
1.5836e-06
1.5667e-06
1.5669e-06
1.5449e-06
1.5256e-06
1.5189e-06
1.524e-06
1.507e-06
1.4785e-06
1.4802e-06
1.4656e-06
1.4466e-06
1.4512e-06
1.4454e-06
1.4253e-06
1.4163e-06
1.4085e-06
1.39e-06
1.3775e-06
1.3694e-06
1.3541e-06
1.3537e-06
1.3178e-06
1.3177e-06
1.3148e-06
1.3034e-06
1.283e-06
1.285e-06
1.2838e-06
1.2615e-06
1.2468e-06
1.2432e-06
1.2303e-06
1.2222e-06
1.2152e-06
1.1978e-06
1.1908e-06
1.1914e-06
1.1758e-06
1.1849e-06
1.175e-06
1.1613e-06
1.1603e-06
1.1479e-06
1.1282e-06
1.1188e-06
1.1225e-06
1.1035e-06
1.0953e-06
1.0878e-06
1.0778e-06
1.0753e-06
1.0789e-06
1.0652e-06
1.0484e-06
1.0511e-06
1.054e-06
1.0316e-06
1.0267e-06
1.0316e-06
1.0243e-06
1.01e-06
1.0063e-06
1.0013e-06
9.8434e-07
9.7417e-07
9.7232e-07
9.7031e-07
9.6132e-07
9.4895e-07
9.5112e-07
9.4243e-07
9.3877e-07
9.2773e-07
9.2331e-07
9.1936e-07
9.0779e-07
8.9989e-07
8.9697e-07
8.7924e-07
8.8958e-07
8.7976e-07
8.7691e-07
8.7252e-07
8.6886e-07
8.6802e-07
8.6081e-07
8.5356e-07
8.4324e-07
8.3265e-07
8.3496e-07
8.3762e-07
8.3075e-07
8.2588e-07
8.1329e-07
8.0918e-07
8.0872e-07
8.0017e-07
7.9524e-07
7.9055e-07
7.8436e-07
7.813e-07
7.7754e-07
7.7339e-07
7.6369e-07
7.6091e-07
7.5673e-07
7.5108e-07
7.4801e-07
7.4288e-07
7.435e-07
7.4e-07
7.31e-07
7.2576e-07
7.2229e-07
7.1185e-07
7.1624e-07
7.0801e-07
7.0266e-07
6.9787e-07
7.0027e-07
6.9095e-07
6.9019e-07
6.8571e-07
6.7984e-07
6.7126e-07
6.6856e-07
6.7362e-07
6.6633e-07
6.5769e-07
6.5599e-07
6.4826e-07
6.4989e-07
6.4014e-07
6.388e-07
6.3109e-07
6.2365e-07
6.2217e-07
6.1618e-07
6.1487e-07
6.1239e-07
6.0867e-07
5.9896e-07
5.906e-07
5.9513e-07
5.8836e-07
5.8418e-07
5.7886e-07
5.746e-07
5.736e-07
5.6851e-07
5.6482e-07
5.637e-07
5.5823e-07
5.4984e-07
5.4669e-07
5.4197e-07
5.4106e-07
5.3295e-07
5.3476e-07
5.2623e-07
5.2361e-07
5.2178e-07
5.1253e-07
5.1628e-07
5.1314e-07
5.0643e-07
5.0323e-07
4.9452e-07
4.9293e-07
4.8907e-07
4.8517e-07
4.8445e-07
4.7588e-07
4.6988e-07
4.6895e-07
4.6545e-07
4.623e-07
4.5645e-07
4.514e-07
4.4751e-07
4.4083e-07
4.3888e-07
4.3799e-07
4.3583e-07
4.2926e-07
4.2498e-07
4.1902e-07
4.171e-07
4.1554e-07
4.0976e-07
4.0582e-07
4.0092e-07
3.9783e-07
3.9385e-07
3.9182e-07
3.8352e-07
3.8383e-07
3.8115e-07
3.7341e-07
3.6867e-07
3.681e-07
3.6271e-07
3.6338e-07
3.5361e-07
3.5501e-07
3.4853e-07
3.4302e-07
3.408e-07
3.404e-07
3.383e-07
3.3296e-07
3.2987e-07
3.275e-07
3.2628e-07
3.2399e-07
3.216e-07
3.1736e-07
3.146e-07
3.1411e-07
3.083e-07
3.0902e-07
3.0948e-07
3.0683e-07
3.0239e-07
2.9306e-07
2.9308e-07
2.941e-07
2.9208e-07
2.8787e-07
2.8586e-07
2.8285e-07
2.8101e-07
2.7349e-07
2.7657e-07
2.7528e-07
2.7208e-07
2.6968e-07
2.6431e-07
2.6725e-07
2.6198e-07
2.6002e-07
2.5915e-07
2.5837e-07
2.5578e-07
2.521e-07
2.5062e-07
2.4911e-07
2.4892e-07
2.4622e-07
2.4148e-07
2.389e-07
2.3609e-07
2.3427e-07
2.3377e-07
2.2986e-07
2.29e-07
2.2507e-07
2.2609e-07
2.2079e-07
2.2321e-07
2.2073e-07
2.1991e-07
2.1596e-07
2.1383e-07
2.1159e-07
2.0922e-07
2.0997e-07
2.0346e-07
2.073e-07
2.0542e-07
2.0426e-07
2.0007e-07
1.9536e-07
1.9437e-07
1.9285e-07
1.9578e-07
1.9282e-07
1.9169e-07
1.8711e-07
1.8522e-07
1.85e-07
1.8303e-07
1.8369e-07
1.8477e-07
1.8173e-07
1.773e-07
1.7448e-07
1.7664e-07
1.7376e-07
1.7277e-07
1.7139e-07
1.7136e-07
1.6678e-07
1.6743e-07
1.6832e-07
1.6593e-07
1.6299e-07
1.6485e-07
1.6069e-07
1.6058e-07
1.6074e-07
1.5844e-07
1.5733e-07
1.5744e-07
1.571e-07
1.5367e-07
1.5406e-07
1.5102e-07
1.4852e-07
1.5024e-07
1.4935e-07
1.4672e-07
1.4504e-07
1.4361e-07
1.3958e-07
1.398e-07
1.3912e-07
1.3831e-07
1.3918e-07
1.3891e-07
1.3544e-07
1.3442e-07
1.3141e-07
1.2791e-07
1.2967e-07
1.2838e-07
1.297e-07
1.2476e-07
1.2408e-07
1.234e-07
1.1998e-07
1.2079e-07
1.2083e-07
1.1857e-07
1.1507e-07
1.1222e-07
1.1025e-07
1.0816e-07
1.0704e-07
1.0447e-07
1.0241e-07
1.0089e-07
9.7542e-08
9.3013e-08
9.0719e-08
8.9036e-08
8.501e-08
8.3338e-08
8.0744e-08
7.683e-08
7.4671e-08
7.282e-08
7.1326e-08
7.0711e-08
6.7541e-08
6.5871e-08
6.4068e-08
6.4534e-08
6.3574e-08
6.3838e-08
6.3153e-08
6.3576e-08
6.3351e-08
6.3724e-08
6.3646e-08
6.2935e-08
6.3666e-08
6.525e-08
6.4702e-08
6.6417e-08
6.6228e-08
6.5988e-08
6.6508e-08
6.7311e-08
6.8333e-08
6.7856e-08
6.8769e-08
6.8499e-08
6.8069e-08
6.9612e-08
7.0301e-08
7.1399e-08
7.0923e-08
7.1088e-08
7.1975e-08
7.2298e-08
7.1532e-08
7.187e-08
7.2376e-08
7.3825e-08
7.2982e-08
7.4356e-08
7.3844e-08
7.2531e-08
7.3274e-08
7.2689e-08
7.3627e-08
7.3158e-08
7.4426e-08
7.2789e-08
7.1253e-08
7.2062e-08
7.1775e-08
7.2815e-08
7.3358e-08
7.171e-08
7.2848e-08
7.1533e-08
7.0571e-08
7.0714e-08
7.0854e-08
7.0431e-08
6.9892e-08
7.0937e-08
7.0289e-08
6.9122e-08
6.7861e-08
6.8802e-08
6.8116e-08
6.8377e-08
6.7848e-08
6.7819e-08
6.7531e-08
6.7164e-08
6.5962e-08
6.5101e-08
6.4312e-08
6.514e-08
6.4617e-08
6.4278e-08
6.3444e-08
6.333e-08
6.232e-08
6.2187e-08
6.0949e-08
6.1854e-08
6.0087e-08
6.1301e-08
5.9967e-08
5.918e-08
5.8064e-08
5.8169e-08
5.8292e-08
5.6979e-08
5.6719e-08
5.5251e-08
5.5965e-08
5.5882e-08
5.4508e-08
5.5417e-08
5.3595e-08
5.4003e-08
5.4612e-08
5.4179e-08
5.3061e-08
5.181e-08
5.2501e-08
5.1915e-08
5.2861e-08
5.0882e-08
5.2188e-08
5.2679e-08
5.1111e-08
5.1786e-08
5.1264e-08
5.0565e-08
5.1053e-08
5.0909e-08
5.1414e-08
5.0939e-08
5.0695e-08
5.0515e-08
4.9188e-08
4.9675e-08
5.0757e-08
5.0337e-08
4.9273e-08
4.8737e-08
4.8655e-08
4.8231e-08
4.8057e-08
4.7881e-08
4.7725e-08
4.6554e-08
4.5702e-08
4.5892e-08
4.4409e-08
4.4499e-08
4.3972e-08
4.4247e-08
4.3177e-08
4.3427e-08
4.2838e-08
4.2368e-08
4.1027e-08
4.0788e-08
3.9773e-08
3.9545e-08
4.0188e-08
3.8236e-08
3.7901e-08
3.7324e-08
3.7446e-08
3.6013e-08
3.5569e-08
3.5093e-08
3.4579e-08
3.4321e-08
3.3807e-08
3.2555e-08
3.2271e-08
3.2472e-08
3.1051e-08
3.1311e-08
3.0297e-08
3.0284e-08
2.9751e-08
2.8611e-08
2.8646e-08
2.7268e-08
2.735e-08
2.7382e-08
2.7446e-08
2.6363e-08
2.6091e-08
2.5192e-08
2.5171e-08
2.5045e-08
2.4564e-08
2.4194e-08
2.4354e-08
2.3986e-08
2.399e-08
2.3029e-08
2.2913e-08
2.2658e-08
2.1404e-08
2.2116e-08
2.196e-08
2.1779e-08
2.124e-08
2.0419e-08
2.0678e-08
1.9965e-08
1.996e-08
1.9439e-08
1.9532e-08
1.9388e-08
1.9173e-08
1.8843e-08
1.8484e-08
1.7796e-08
1.7433e-08
1.7774e-08
1.7079e-08
1.6778e-08
1.7151e-08
1.6731e-08
1.6601e-08
1.6286e-08
1.5714e-08
1.5599e-08
1.5431e-08
1.4726e-08
1.4768e-08
1.4108e-08
1.418e-08
1.4024e-08
1.3241e-08
1.3089e-08
1.2708e-08
1.297e-08
1.2719e-08
1.2716e-08
1.2303e-08
1.1753e-08
1.1538e-08
1.1455e-08
1.1759e-08
1.114e-08
1.1557e-08
1.1152e-08
1.0722e-08
1.1028e-08
1.0503e-08
1.0547e-08
1.0219e-08
1.0256e-08
1.032e-08
9.8125e-09
1.0085e-08
9.6187e-09
9.5377e-09
9.3383e-09
9.2276e-09
9.2432e-09
8.9847e-09
9.0424e-09
8.2967e-09
8.779e-09
8.3726e-09
8.4084e-09
8.2636e-09
7.9807e-09
7.5304e-09
7.4555e-09
8.1228e-09
7.1131e-09
7.2028e-09
7.2848e-09
6.6341e-09
6.99e-09
6.6335e-09
6.4806e-09
6.5704e-09
6.2498e-09
6.2666e-09
6.0573e-09
6.2964e-09
5.8592e-09
5.7208e-09
5.9049e-09
5.5321e-09
5.496e-09
5.2982e-09
5.1872e-09
5.2846e-09
5.1097e-09
5.164e-09
5.4567e-09
5.0516e-09
5.0276e-09
4.9682e-09
4.6899e-09
4.949e-09
4.5098e-09
4.4132e-09
4.5871e-09
4.4559e-09
4.6814e-09
4.3655e-09
4.0473e-09
4.2966e-09
4.0283e-09
4.0898e-09
3.7367e-09
3.6847e-09
3.6708e-09
3.7634e-09
3.314e-09
3.3009e-09
3.1034e-09
3.0124e-09
2.8162e-09
2.8346e-09
2.9885e-09
2.8408e-09
2.6262e-09
2.6685e-09
2.9628e-09
2.8296e-09
2.449e-09
2.2973e-09
2.51e-09
2.3387e-09
2.2412e-09
2.0179e-09
2.0109e-09
1.7789e-09
1.9671e-09
1.6438e-09
1.9467e-09
1.5787e-09
1.4643e-09
1.4223e-09
1.521e-09
1.5052e-09
1.2942e-09
1.4606e-09
1.2117e-09
1.1641e-09
1.1136e-09
1.1889e-09
8.7784e-10
7.0921e-10
8.3937e-10
1.0299e-09
8.044e-10
8.7628e-10
7.6328e-10
7.238e-10
4.751e-10
4.7741e-10
5.9663e-10
1.8864e-10
5.5671e-10
5.62e-10
4.8571e-10
5.2242e-10
3.5891e-10
6.0483e-10
6.1932e-10
4.4096e-10
3.4395e-10
1.5122e-10
3.1489e-10
5.274e-10
7.3359e-11
1.1938e-10
5.0618e-10
2.5387e-10
1.7078e-10
3.1409e-10
2.4949e-10
1.1204e-10
3.0028e-10
3.6043e-10
1.7506e-10
4.1058e-10
2.3481e-10
-2.7719e-11
2.4302e-10
2.6963e-10
2.8115e-10
3.8837e-10
2.055e-10
2.4391e-10
2.435e-10
1.5095e-10
1.3883e-10
4.0867e-11
5.5578e-11
2.2961e-10
